1532423700, 6841.9
1532424000, 6836.2
1532424300, 6839.7
1532424600, 6840.9
1532424900, 6856.0
1532425200, 6855.9
1532425500, 6868.7
1532425800, 6861.0
1532426100, 6860.0
1532426400, 6856.1
1532426700, 6857.6
1532427000, 6856.5
1532427300, 6857.0
1532427600, 6859.9
1532427900, 6866.4
1532428200, 6906.2
1532428500, 6910.0
1532428800, 6916.8
1532429100, 6933.7
1532429400, 6952.6
1532429700, 6950.0
1532430000, 6931.1
1532430300, 6936.0
1532430600, 6941.0
1532430900, 6960.6
1532431200, 6965.8
1532431500, 6990.0
1532431800, 6984.7
1532432100, 6954.5
1532432400, 6979.8
1532432700, 6999.0
1532433000, 7025.2
1532433300, 7042.6
1532433600, 7100.0
1532433900, 7130.0
1532434200, 7100.0
1532434500, 7079.6
1532434800, 7075.0
1532435100, 7032.2
1532435400, 7031.0
1532435700, 7038.0
1532436000, 7038.2
1532436300, 7030.0
1532436600, 7040.0
1532436900, 7035.0
1532437200, 6998.9
1532437500, 6989.4
1532437800, 6993.5
1532438100, 7021.1
1532438400, 7002.1
1532438700, 7012.9
1532439000, 7009.0
1532439300, 7027.7
1532439600, 7045.6
1532439900, 7053.1
1532440200, 7047.5
1532440500, 7046.1
1532440800, 7041.3
1532441100, 7040.5
1532441400, 7040.6
1532441700, 7040.2
1532442000, 7009.0
1532442300, 7006.6
1532442600, 7010.6
1532442900, 6989.9
1532443200, 6991.5
1532443500, 6966.2
1532443800, 6969.0
1532444100, 6979.7
1532444400, 6980.1
1532444700, 6979.3
1532445000, 6969.1
1532445300, 6981.2
1532445600, 6992.2
1532445900, 6993.4
1532446200, 7001.1
1532446500, 7012.7
1532446800, 6994.3
1532447100, 6993.0
1532447400, 6993.0
1532447700, 6999.9
1532448000, 7012.7
1532448300, 7014.7
1532448600, 7007.5
1532448900, 7005.2
1532449200, 7006.0
1532449500, 6992.0
1532449800, 7002.4
1532450100, 7002.3
1532450400, 6997.9
1532450700, 6987.5
1532451000, 6988.8
1532451300, 6997.7
1532451600, 7012.6
1532451900, 7013.4
1532452200, 7009.6
1532452500, 7014.3
1532452800, 7045.0
1532453100, 7060.3
1532453400, 7092.4
1532453700, 7068.0
1532454000, 7058.3
1532454300, 7055.0
1532454600, 7051.4
1532454900, 7040.0
1532455200, 7035.0
1532455500, 7019.9
1532455800, 7019.7
1532456100, 7021.2
1532456400, 7050.0
1532456700, 7051.0
1532457000, 7046.2
1532457300, 7056.0
1532457600, 7056.1
1532457900, 7056.0
1532458200, 7076.7
1532458500, 7059.8
1532458800, 7064.5
1532459100, 7061.8
1532459400, 7094.8
1532459700, 7070.0
1532460000, 7054.0
1532460300, 7066.0
1532460600, 7070.1
1532460900, 7052.6
1532461200, 7050.0
1532461500, 7056.5
1532461800, 7056.0
1532462100, 7055.4
1532462400, 7055.1
1532462700, 7027.5
1532463000, 7020.5
1532463300, 7000.0
1532463600, 7020.7
1532463900, 7030.4
1532464200, 7040.1
1532464500, 7035.6
1532464800, 7023.4
1532465100, 7034.0
1532465400, 7033.6
1532465700, 7033.7
1532466000, 7035.1
1532466300, 7020.6
1532466600, 7028.8
1532466900, 7037.2
1532467200, 7037.9
1532467500, 7050.0
1532467800, 7055.0
1532468100, 7048.2
1532468400, 7060.1
1532468700, 7060.2
1532469000, 7061.6
1532469300, 7057.0
1532469600, 7067.3
1532469900, 7068.0
1532470200, 7080.0
1532470500, 7093.9
1532470800, 7073.8
1532471100, 7091.6
1532471400, 7106.8
1532471700, 7109.9
1532472000, 7113.8
1532472300, 7111.4
1532472600, 7110.6
1532472900, 7107.9
1532473200, 7119.6
1532473500, 7125.8
1532473800, 7111.0
1532474100, 7119.9
1532474400, 7139.4
1532474700, 7144.7
1532475000, 7139.9
1532475300, 7218.1
1532475600, 7200.0
1532475900, 7208.9
1532476200, 7208.6
1532476500, 7179.9
1532476800, 7188.6
1532477100, 7205.2
1532477400, 7208.7
1532477700, 7220.0
1532478000, 7240.0
1532478300, 7239.2
1532478600, 7226.7
1532478900, 7212.8
1532479200, 7199.3
1532479500, 7186.1
1532479800, 7200.1
1532480100, 7182.9
1532480400, 7200.0
1532480700, 7195.2
1532481000, 7199.7
1532481300, 7210.3
1532481600, 7210.2
1532481900, 7200.0
1532482200, 7197.5
1532482500, 7197.9
1532482800, 7188.5
1532483100, 7186.0
1532483400, 7183.6
1532483700, 7190.5
1532484000, 7174.0
1532484300, 7154.4
1532484600, 7138.0
1532484900, 7130.7
1532485200, 7139.3
1532485500, 7150.0
1532485800, 7147.1
1532486100, 7140.6
1532486400, 7132.1
1532486700, 7131.6
1532487000, 7131.5
1532487300, 7128.9
1532487600, 7119.6
1532487900, 7108.1
1532488200, 7123.9
1532488500, 7129.2
1532488800, 7122.4
1532489100, 7115.4
1532489400, 7117.9
1532489700, 7120.6
1532490000, 7135.9
1532490300, 7152.0
1532490600, 7140.4
1532490900, 7144.9
1532491200, 7146.2
1532491500, 7128.0
1532491800, 7138.2
1532492100, 7134.3
1532492400, 7139.3
1532492700, 7150.0
1532493000, 7153.2
1532493300, 7164.8
1532493600, 7185.0
1532493900, 7185.0
1532494200, 7207.3
1532494500, 7200.6
1532494800, 7209.9
1532495100, 7214.1
1532495400, 7206.1
1532495700, 7199.4
1532496000, 7195.9
1532496300, 7185.0
1532496600, 7188.5
1532496900, 7183.9
1532497200, 7186.0
1532497500, 7195.1
1532497800, 7211.0
1532498100, 7206.3
1532498400, 7189.5
1532498700, 7189.7
1532499000, 7163.5
1532499300, 7164.3
1532499600, 7139.8
1532499900, 7146.9
1532500200, 7136.9
1532500500, 7115.5
1532500800, 7102.6
1532501100, 7125.7
1532501400, 7127.5
1532501700, 7129.5
1532502000, 7125.0
1532502300, 7144.9
1532502600, 7135.5
1532502900, 7139.1
1532503200, 7147.1
1532503500, 7148.5
1532503800, 7134.7
1532504100, 7129.0
1532504400, 7131.3
1532504700, 7138.1
1532505000, 7132.5
1532505300, 7132.0
1532505600, 7115.4
1532505900, 7111.9
1532506200, 7082.0
1532506500, 7085.6
1532506800, 7081.0
1532507100, 7100.4
1532507400, 7112.2
1532507700, 7097.7
1532508000, 7094.0
1532508300, 7092.7
1532508600, 7091.6
1532508900, 7095.0
1532509200, 7071.4
1532509500, 7068.3
1532509800, 7061.4
1532510100, 7039.1
1532510400, 7043.1
1532510700, 7049.7
1532511000, 7068.1
1532511300, 7055.8
1532511600, 7051.4
1532511900, 7033.0
1532512200, 7038.9
1532512500, 7038.4
1532512800, 7003.0
1532513100, 6975.2
1532513400, 6991.7
1532513700, 6965.0
1532514000, 6970.5
1532514300, 6970.7
1532514600, 6980.7
1532514900, 6976.6
1532515200, 6984.5
1532515500, 7020.0
1532515800, 7013.9
1532516100, 7020.4
1532516400, 6997.4
1532516700, 6994.7
1532517000, 7000.4
1532517300, 7023.0
1532517600, 7019.0
1532517900, 7019.1
1532518200, 7019.3
1532518500, 7023.7
1532518800, 7027.2
1532519100, 7015.0
1532519400, 6993.7
1532519700, 6987.6
1532520000, 7000.0
1532520300, 7000.1
1532520600, 7008.5
1532520900, 7012.7
1532521200, 7026.5
1532521500, 7016.0
1532521800, 7008.8
1532522100, 7009.3
1532522400, 7003.9
1532522700, 7004.0
1532523000, 6999.5
1532523300, 7009.4
1532523600, 7018.0
1532523900, 7017.5
1532524200, 7012.9
1532524500, 7010.8
1532524800, 7010.1
1532525100, 7000.1
1532525400, 6998.8
1532525700, 6990.5
1532526000, 7013.4
1532526300, 7006.0
1532526600, 7002.3
1532526900, 7007.2
1532527200, 7019.8
1532527500, 7011.5
1532527800, 7002.9
1532528100, 6993.7
1532528400, 6990.0
1532528700, 6993.7
1532529000, 7000.0
1532529300, 6995.0
1532529600, 6997.0
1532529900, 6994.8
1532530200, 6998.8
1532530500, 7002.9
1532530800, 7007.6
1532531100, 7004.0
1532531400, 6998.6
1532531700, 6991.0
1532532000, 6952.3
1532532300, 6945.0
1532532600, 6923.2
1532532900, 6919.2
1532533200, 6909.0
1532533500, 6916.1
1532533800, 6912.0
1532534100, 6946.6
1532534400, 6934.8
1532534700, 6927.6
1532535000, 6924.0
1532535300, 6947.6
1532535600, 6946.0
1532535900, 6961.5
1532536200, 6958.6
1532536500, 6962.1
1532536800, 6968.2
1532537100, 6985.0
1532537400, 6993.0
1532537700, 6983.9
1532538000, 6979.8
1532538300, 6966.1
1532538600, 6973.2
1532538900, 6962.8
1532539200, 6955.7
1532539500, 6962.4
1532539800, 6970.7
1532540100, 6954.3
1532540400, 6945.0
1532540700, 6930.4
1532541000, 6926.7
1532541300, 6936.6
1532541600, 6940.6
1532541900, 6935.3
1532542200, 6935.0
1532542500, 6935.2
1532542800, 6923.9
1532543100, 6920.0
1532543400, 6919.3
1532543700, 6910.0
1532544000, 6904.9
1532544300, 6903.8
1532544600, 6897.9
1532544900, 6898.9
1532545200, 6900.0
1532545500, 6912.0
1532545800, 6920.0
1532546100, 6921.1
1532546400, 6921.5
1532546700, 6921.4
1532547000, 6928.1
1532547300, 6920.8
1532547600, 6926.4
1532547900, 6932.1
1532548200, 6933.0
1532548500, 6957.3
1532548800, 6943.4
1532549100, 6931.4
1532549400, 6933.4
1532549700, 6928.9
1532550000, 6930.1
1532550300, 6931.0
1532550600, 6937.3
1532550900, 6939.1
1532551200, 6937.1
1532551500, 6943.7
1532551800, 6943.1
1532552100, 6971.3
1532552400, 6983.2
1532552700, 7002.3
1532553000, 7004.7
1532553300, 7033.0
1532553600, 7031.3
1532553900, 7050.3
1532554200, 7077.8
1532554500, 7050.0
1532554800, 7059.4
1532555100, 7048.5
1532555400, 7048.2
1532555700, 7059.6
1532556000, 7037.8
1532556300, 7044.0
1532556600, 7040.1
1532556900, 7047.3
1532557200, 7050.7
1532557500, 7051.1
1532557800, 7064.6
1532558100, 7081.7
1532558400, 7050.9
1532558700, 7045.0
1532559000, 7037.8
1532559300, 7037.0
1532559600, 7039.0
1532559900, 7041.6
1532560200, 7039.8
1532560500, 7040.7
1532560800, 7039.1
1532561100, 7005.1
1532561400, 6976.8
1532561700, 6995.2
1532562000, 6987.7
1532562300, 6964.6
1532562600, 6957.0
1532562900, 6954.6
1532563200, 6980.0
1532563500, 6974.8
1532563800, 6983.8
1532564100, 6975.0
1532564400, 6976.0
1532564700, 6976.3
1532565000, 6971.1
1532565300, 7007.6
1532565600, 7021.7
1532565900, 7012.7
1532566200, 7024.0
1532566500, 7006.5
1532566800, 7009.9
1532567100, 7010.8
1532567400, 7013.0
1532567700, 7006.5
1532568000, 6989.3
1532568300, 6981.8
1532568600, 6990.9
1532568900, 6991.5
1532569200, 6991.7
1532569500, 6995.2
1532569800, 6996.6
1532570100, 6998.2
1532570400, 6995.0
1532570700, 6981.8
1532571000, 6972.1
1532571300, 6972.3
1532571600, 6967.3
1532571900, 6972.5
1532572200, 6980.7
1532572500, 6993.7
1532572800, 6990.1
1532573100, 6989.3
1532573400, 6983.6
1532573700, 6973.6
1532574000, 6976.6
1532574300, 6971.4
1532574600, 6966.4
1532574900, 6961.4
1532575200, 6963.9
1532575500, 6986.9
1532575800, 6990.2
1532576100, 6999.0
1532576400, 6990.6
1532576700, 7009.3
1532577000, 7006.1
1532577300, 7006.2
1532577600, 7006.5
1532577900, 7006.4
1532578200, 6995.0
1532578500, 6997.7
1532578800, 7004.8
1532579100, 6995.2
1532579400, 6995.3
1532579700, 6995.2
1532580000, 6990.3
1532580300, 6995.7
1532580600, 6999.8
1532580900, 7005.8
1532581200, 7015.6
1532581500, 7013.8
1532581800, 7007.7
1532582100, 7000.7
1532582400, 6998.0
1532582700, 6996.1
1532583000, 6992.7
1532583300, 6990.0
1532583600, 6985.1
1532583900, 6985.1
1532584200, 6979.9
1532584500, 6987.0
1532584800, 6986.1
1532585100, 6988.7
1532585400, 6989.9
1532585700, 7004.9
1532586000, 7003.5
1532586300, 7001.8
1532586600, 7004.6
1532586900, 7004.8
1532587200, 7026.5
1532587500, 7021.2
1532587800, 7018.7
1532588100, 7044.1
1532588400, 7080.0
1532588700, 7063.7
1532589000, 7054.6
1532589300, 7063.4
1532589600, 7050.4
1532589900, 7055.0
1532590200, 7033.6
1532590500, 7044.3
1532590800, 7030.5
1532591100, 7028.3
1532591400, 7025.2
1532591700, 7033.0
1532592000, 7041.2
1532592300, 7037.8
1532592600, 7057.0
1532592900, 7047.0
1532593200, 7045.1
1532593500, 7044.5
1532593800, 7048.3
1532594100, 7048.7
1532594400, 7062.4
1532594700, 7054.4
1532595000, 7054.0
1532595300, 7043.0
1532595600, 7051.1
1532595900, 7052.1
1532596200, 7060.3
1532596500, 7069.1
1532596800, 7077.1
1532597100, 7077.8
1532597400, 7077.9
1532597700, 7059.7
1532598000, 7065.7
1532598300, 7063.9
1532598600, 7061.3
1532598900, 7063.0
1532599200, 7071.0
1532599500, 7066.7
1532599800, 7072.5
1532600100, 7083.2
1532600400, 7079.0
1532600700, 7085.9
1532601000, 7087.2
1532601300, 7085.1
1532601600, 7077.9
1532601900, 7078.8
1532602200, 7082.5
1532602500, 7083.7
1532602800, 7080.7
1532603100, 7080.0
1532603400, 7058.2
1532603700, 7063.6
1532604000, 7051.1
1532604300, 7050.0
1532604600, 7049.0
1532604900, 7048.0
1532605200, 7033.4
1532605500, 7038.9
1532605800, 7048.8
1532606100, 7048.8
1532606400, 7043.9
1532606700, 7021.2
1532607000, 7019.8
1532607300, 7023.7
1532607600, 7019.1
1532607900, 7002.7
1532608200, 6996.0
1532608500, 7002.2
1532608800, 7000.0
1532609100, 7014.8
1532609400, 7024.8
1532609700, 7034.7
1532610000, 7029.2
1532610300, 7030.9
1532610600, 7042.6
1532610900, 7041.1
1532611200, 7046.9
1532611500, 7042.8
1532611800, 7035.8
1532612100, 7030.9
1532612400, 7025.8
1532612700, 7021.2
1532613000, 7021.3
1532613300, 7030.9
1532613600, 7036.5
1532613900, 7022.7
1532614200, 7014.4
1532614500, 7026.7
1532614800, 7026.3
1532615100, 7022.6
1532615400, 7026.9
1532615700, 7036.5
1532616000, 7036.4
1532616300, 7041.8
1532616600, 7047.0
1532616900, 7049.7
1532617200, 7042.2
1532617500, 7047.8
1532617800, 7042.2
1532618100, 7036.3
1532618400, 7036.1
1532618700, 7036.1
1532619000, 7037.1
1532619300, 7038.7
1532619600, 7041.7
1532619900, 7043.0
1532620200, 7036.4
1532620500, 7041.5
1532620800, 7039.3
1532621100, 7040.0
1532621400, 7031.8
1532621700, 7026.0
1532622000, 7029.8
1532622300, 7030.0
1532622600, 7025.0
1532622900, 7027.0
1532623200, 7025.3
1532623500, 7034.2
1532623800, 7039.7
1532624100, 7036.8
1532624400, 7037.4
1532624700, 7047.0
1532625000, 7054.0
1532625300, 7054.2
1532625600, 7057.0
1532625900, 7057.1
1532626200, 7063.9
1532626500, 7056.0
1532626800, 7054.3
1532627100, 7056.0
1532627400, 7053.8
1532627700, 7050.1
1532628000, 7048.1
1532628300, 7047.2
1532628600, 7052.2
1532628900, 7050.3
1532629200, 7058.0
1532629500, 7061.0
1532629800, 7059.9
1532630100, 7058.1
1532630400, 7060.0
1532630700, 7065.9
1532631000, 7066.8
1532631300, 7068.1
1532631600, 7068.8
1532631900, 7068.9
1532632200, 7067.3
1532632500, 7066.4
1532632800, 7065.9
1532633100, 7067.9
1532633400, 7068.1
1532633700, 7069.8
1532634000, 7069.3
1532634300, 7069.9
1532634600, 7090.2
1532634900, 7093.6
1532635200, 7082.7
1532635500, 7078.6
1532635800, 7088.8
1532636100, 7092.7
1532636400, 7095.2
1532636700, 7097.1
1532637000, 7100.3
1532637300, 7112.6
1532637600, 7105.7
1532637900, 7090.0
1532638200, 7021.3
1532638500, 6981.4
1532638800, 6938.9
1532639100, 6968.0
1532639400, 6968.6
