1527757800, 6441.1
1527758100, 6445.0
1527758400, 6445.5
1527758700, 6451.0
1527759000, 6465.2
1527759300, 6454.1
1527759600, 6454.9
1527759900, 6462.3
1527760200, 6451.4
1527760500, 6436.6
1527760800, 6446.4
1527761100, 6447.1
1527761400, 6449.6
1527761700, 6455.1
1527762000, 6457.5
1527762300, 6456.0
1527762600, 6459.4
1527762900, 6449.7
1527763200, 6449.2
1527763500, 6450.6
1527763800, 6463.2
1527764100, 6458.2
1527764400, 6469.8
1527764700, 6470.0
1527765000, 6460.0
1527765300, 6460.0
1527765600, 6463.0
1527765900, 6467.5
1527766200, 6463.1
1527766500, 6460.0
1527766800, 6463.1
1527767100, 6459.5
1527767400, 6453.5
1527767700, 6443.3
1527768000, 6458.4
1527768300, 6452.4
1527768600, 6453.3
1527768900, 6460.9
1527769200, 6474.9
1527769500, 6469.6
1527769800, 6470.7
1527770100, 6462.0
1527770400, 6463.4
1527770700, 6470.3
1527771000, 6463.7
1527771300, 6460.3
1527771600, 6454.1
1527771900, 6449.0
1527772200, 6423.3
1527772500, 6438.0
1527772800, 6446.1
1527773100, 6451.0
1527773400, 6447.8
1527773700, 6450.0
1527774000, 6458.6
1527774300, 6450.9
1527774600, 6456.0
1527774900, 6461.8
1527775200, 6451.6
1527775500, 6447.1
1527775800, 6456.8
1527776100, 6459.7
1527776400, 6461.2
1527776700, 6462.0
1527777000, 6462.1
1527777300, 6458.6
1527777600, 6454.4
1527777900, 6450.1
1527778200, 6455.2
1527778500, 6462.6
1527778800, 6470.3
1527779100, 6471.0
1527779400, 6484.0
1527779700, 6479.1
1527780000, 6480.0
1527780300, 6471.5
1527780600, 6467.1
1527780900, 6453.3
1527781200, 6452.4
1527781500, 6458.2
1527781800, 6458.5
1527782100, 6466.0
1527782400, 6464.2
1527782700, 6464.3
1527783000, 6464.2
1527783300, 6450.3
1527783600, 6454.7
1527783900, 6463.2
1527784200, 6463.1
1527784500, 6467.0
1527784800, 6468.9
1527785100, 6467.5
1527785400, 6469.7
1527785700, 6463.9
1527786000, 6460.6
1527786300, 6460.1
1527786600, 6460.9
1527786900, 6465.2
1527787200, 6470.5
1527787500, 6479.5
1527787800, 6473.0
1527788100, 6474.1
1527788400, 6484.0
1527788700, 6492.0
1527789000, 6487.1
1527789300, 6489.0
1527789600, 6497.0
1527789900, 6488.4
1527790200, 6488.8
1527790500, 6484.2
1527790800, 6484.0
1527791100, 6473.1
1527791400, 6474.0
1527791700, 6473.0
1527792000, 6473.1
1527792300, 6473.1
1527792600, 6473.0
1527792900, 6473.1
1527793200, 6462.0
1527793500, 6444.4
1527793800, 6464.9
1527794100, 6460.0
1527794400, 6447.0
1527794700, 6444.2
1527795000, 6455.1
1527795300, 6455.3
1527795600, 6455.3
1527795900, 6453.1
1527796200, 6445.8
1527796500, 6442.0
1527796800, 6433.0
1527797100, 6437.4
1527797400, 6446.1
1527797700, 6454.0
1527798000, 6454.3
1527798300, 6455.5
1527798600, 6449.9
1527798900, 6448.2
1527799200, 6452.3
1527799500, 6450.1
1527799800, 6440.0
1527800100, 6435.8
1527800400, 6441.3
1527800700, 6441.1
1527801000, 6445.0
1527801300, 6445.0
1527801600, 6451.4
1527801900, 6450.5
1527802200, 6450.1
1527802500, 6450.8
1527802800, 6453.0
1527803100, 6448.1
1527803400, 6445.1
1527803700, 6444.2
1527804000, 6436.0
1527804300, 6366.9
1527804600, 6356.3
1527804900, 6355.6
1527805200, 6366.0
1527805500, 6372.0
1527805800, 6367.6
1527806100, 6363.2
1527806400, 6358.6
1527806700, 6348.4
1527807000, 6356.8
1527807300, 6353.0
1527807600, 6367.4
1527807900, 6380.2
1527808200, 6385.5
1527808500, 6383.0
1527808800, 6382.1
1527809100, 6382.1
1527809400, 6375.1
1527809700, 6379.5
1527810000, 6380.1
1527810300, 6397.4
1527810600, 6396.5
1527810900, 6399.9
1527811200, 6405.8
1527811500, 6426.9
1527811800, 6417.4
1527812100, 6411.2
1527812400, 6424.4
1527812700, 6423.3
1527813000, 6421.9
1527813300, 6418.9
1527813600, 6414.1
1527813900, 6413.6
1527814200, 6411.7
1527814500, 6415.3
1527814800, 6406.0
1527815100, 6396.7
1527815400, 6396.7
1527815700, 6402.6
1527816000, 6415.0
1527816300, 6416.6
1527816600, 6401.4
1527816900, 6404.3
1527817200, 6409.0
1527817500, 6405.3
1527817800, 6399.1
1527818100, 6399.4
1527818400, 6406.2
1527818700, 6407.2
1527819000, 6420.8
1527819300, 6423.2
1527819600, 6422.5
1527819900, 6410.9
1527820200, 6414.1
1527820500, 6406.6
1527820800, 6407.0
1527821100, 6411.6
1527821400, 6409.0
1527821700, 6400.5
1527822000, 6397.9
1527822300, 6397.7
1527822600, 6400.1
1527822900, 6402.8
1527823200, 6404.5
1527823500, 6410.0
1527823800, 6406.4
1527824100, 6411.0
1527824400, 6411.4
1527824700, 6411.0
1527825000, 6411.0
1527825300, 6406.4
1527825600, 6394.9
1527825900, 6403.8
1527826200, 6402.5
1527826500, 6412.3
1527826800, 6409.7
1527827100, 6404.9
1527827400, 6409.0
1527827700, 6404.3
1527828000, 6400.9
1527828300, 6410.8
1527828600, 6408.6
1527828900, 6407.1
1527829200, 6418.0
1527829500, 6417.4
1527829800, 6416.9
1527830100, 6420.8
1527830400, 6417.1
1527830700, 6415.5
1527831000, 6415.5
1527831300, 6414.0
1527831600, 6414.0
1527831900, 6404.9
1527832200, 6406.2
1527832500, 6411.4
1527832800, 6411.1
1527833100, 6410.1
1527833400, 6411.7
1527833700, 6457.5
1527834000, 6455.5
1527834300, 6440.0
1527834600, 6447.0
1527834900, 6447.1
1527835200, 6452.5
1527835500, 6450.5
1527835800, 6458.4
1527836100, 6456.4
1527836400, 6455.1
1527836700, 6465.0
1527837000, 6477.2
1527837300, 6477.7
1527837600, 6476.5
1527837900, 6487.5
1527838200, 6475.5
1527838500, 6484.5
1527838800, 6489.3
1527839100, 6484.4
1527839400, 6482.2
1527839700, 6478.0
1527840000, 6466.9
1527840300, 6469.9
1527840600, 6470.1
1527840900, 6478.6
1527841200, 6482.4
1527841500, 6482.9
1527841800, 6479.4
1527842100, 6480.5
1527842400, 6480.0
1527842700, 6480.0
1527843000, 6478.9
1527843300, 6492.2
1527843600, 6495.1
1527843900, 6489.5
1527844200, 6488.1
1527844500, 6486.4
1527844800, 6487.0
1527845100, 6455.7
1527845400, 6453.7
1527845700, 6439.0
1527846000, 6453.4
1527846300, 6452.1
1527846600, 6458.6
1527846900, 6440.1
1527847200, 6441.0
1527847500, 6443.0
1527847800, 6449.8
1527848100, 6451.5
1527848400, 6448.2
1527848700, 6446.0
1527849000, 6448.2
1527849300, 6438.5
1527849600, 6440.4
1527849900, 6443.5
1527850200, 6447.9
1527850500, 6446.6
1527850800, 6453.9
1527851100, 6455.0
1527851400, 6455.0
1527851700, 6459.0
1527852000, 6459.0
1527852300, 6463.0
1527852600, 6461.2
1527852900, 6460.1
1527853200, 6446.2
1527853500, 6451.7
1527853800, 6342.6
1527854100, 6304.0
1527854400, 6329.9
1527854700, 6344.6
1527855000, 6341.8
1527855300, 6339.8
1527855600, 6349.0
1527855900, 6339.1
1527856200, 6339.1
1527856500, 6330.2
1527856800, 6337.2
1527857100, 6339.7
1527857400, 6347.8
1527857700, 6351.0
1527858000, 6344.0
1527858300, 6349.4
1527858600, 6347.2
1527858900, 6352.8
1527859200, 6361.4
1527859500, 6356.8
1527859800, 6359.0
1527860100, 6362.3
1527860400, 6354.8
1527860700, 6354.8
1527861000, 6354.7
1527861300, 6356.5
1527861600, 6357.1
1527861900, 6355.2
1527862200, 6365.2
1527862500, 6370.6
1527862800, 6366.6
1527863100, 6365.2
1527863400, 6377.7
1527863700, 6375.9
1527864000, 6386.3
1527864300, 6370.2
1527864600, 6368.7
1527864900, 6368.7
1527865200, 6359.9
1527865500, 6361.1
1527865800, 6358.8
1527866100, 6349.3
1527866400, 6358.4
1527866700, 6361.5
1527867000, 6361.4
1527867300, 6373.2
1527867600, 6367.8
1527867900, 6367.2
1527868200, 6374.6
1527868500, 6372.8
1527868800, 6380.2
1527869100, 6379.0
1527869400, 6377.0
1527869700, 6376.4
1527870000, 6376.8
1527870300, 6376.3
1527870600, 6370.4
1527870900, 6365.0
1527871200, 6363.9
1527871500, 6364.0
1527871800, 6370.1
1527872100, 6372.5
1527872400, 6368.2
1527872700, 6367.4
1527873000, 6368.1
1527873300, 6369.7
1527873600, 6385.3
1527873900, 6386.0
1527874200, 6383.7
1527874500, 6387.8
1527874800, 6383.5
1527875100, 6370.1
1527875400, 6356.1
1527875700, 6360.0
1527876000, 6365.8
1527876300, 6363.9
1527876600, 6364.2
1527876900, 6362.4
1527877200, 6363.3
1527877500, 6370.0
1527877800, 6370.0
1527878100, 6350.0
1527878400, 6350.0
1527878700, 6354.0
1527879000, 6336.6
1527879300, 6341.8
1527879600, 6348.7
1527879900, 6354.0
1527880200, 6369.7
1527880500, 6372.8
1527880800, 6373.5
1527881100, 6380.1
1527881400, 6381.8
1527881700, 6383.9
1527882000, 6389.1
1527882300, 6385.0
1527882600, 6382.4
1527882900, 6378.9
1527883200, 6385.1
1527883500, 6382.7
1527883800, 6378.2
1527884100, 6359.1
1527884400, 6358.7
1527884700, 6362.8
1527885000, 6379.4
1527885300, 6379.1
1527885600, 6376.0
1527885900, 6375.0
1527886200, 6374.9
1527886500, 6374.9
1527886800, 6375.0
1527887100, 6379.0
1527887400, 6380.8
1527887700, 6380.5
1527888000, 6384.7
1527888300, 6378.7
1527888600, 6381.0
1527888900, 6386.8
1527889200, 6388.2
1527889500, 6385.6
1527889800, 6380.9
1527890100, 6381.4
1527890400, 6383.2
1527890700, 6390.3
1527891000, 6391.0
1527891300, 6390.4
1527891600, 6391.0
1527891900, 6438.9
1527892200, 6445.5
1527892500, 6428.1
1527892800, 6424.2
1527893100, 6431.7
1527893400, 6432.4
1527893700, 6433.7
1527894000, 6437.7
1527894300, 6440.2
1527894600, 6438.5
1527894900, 6440.8
1527895200, 6450.0
1527895500, 6448.0
1527895800, 6444.9
1527896100, 6439.5
1527896400, 6435.0
1527896700, 6441.2
1527897000, 6438.9
1527897300, 6435.8
1527897600, 6434.0
1527897900, 6432.0
1527898200, 6436.0
1527898500, 6434.7
1527898800, 6424.0
1527899100, 6423.6
1527899400, 6422.2
1527899700, 6425.2
1527900000, 6423.1
1527900300, 6423.2
1527900600, 6425.3
1527900900, 6392.1
1527901200, 6394.0
1527901500, 6408.9
1527901800, 6411.9
1527902100, 6412.0
1527902400, 6414.9
1527902700, 6417.4
1527903000, 6420.8
1527903300, 6424.9
1527903600, 6421.8
1527903900, 6421.7
1527904200, 6419.2
1527904500, 6417.4
1527904800, 6419.5
1527905100, 6419.1
1527905400, 6417.0
1527905700, 6418.4
1527906000, 6420.9
1527906300, 6421.8
1527906600, 6422.0
1527906900, 6420.7
1527907200, 6421.3
1527907500, 6416.8
1527907800, 6416.7
1527908100, 6417.7
1527908400, 6417.3
1527908700, 6418.9
1527909000, 6418.9
1527909300, 6421.0
1527909600, 6420.8
1527909900, 6421.3
1527910200, 6424.1
1527910500, 6423.9
1527910800, 6420.1
1527911100, 6422.4
1527911400, 6420.5
1527911700, 6424.0
1527912000, 6428.5
1527912300, 6425.8
1527912600, 6425.0
1527912900, 6425.1
1527913200, 6421.0
1527913500, 6412.8
1527913800, 6407.0
1527914100, 6411.0
1527914400, 6412.5
1527914700, 6412.5
1527915000, 6417.7
1527915300, 6419.4
1527915600, 6418.2
1527915900, 6419.7
1527916200, 6419.7
1527916500, 6419.7
1527916800, 6419.7
1527917100, 6435.7
1527917400, 6439.3
1527917700, 6439.8
1527918000, 6438.9
1527918300, 6448.8
1527918600, 6446.1
1527918900, 6440.0
1527919200, 6439.8
1527919500, 6439.6
1527919800, 6415.1
1527920100, 6413.8
1527920400, 6418.9
1527920700, 6424.2
1527921000, 6424.2
1527921300, 6424.9
1527921600, 6426.6
1527921900, 6426.7
1527922200, 6500.1
1527922500, 6555.8
1527922800, 6569.6
1527923100, 6560.0
1527923400, 6560.7
1527923700, 6550.2
1527924000, 6550.0
1527924300, 6558.8
1527924600, 6562.2
1527924900, 6558.8
1527925200, 6562.4
1527925500, 6560.0
1527925800, 6562.0
1527926100, 6561.0
1527926400, 6556.0
1527926700, 6555.0
1527927000, 6560.0
1527927300, 6564.8
1527927600, 6573.8
1527927900, 6577.2
1527928200, 6577.2
1527928500, 6578.0
1527928800, 6568.8
1527929100, 6571.0
1527929400, 6570.5
1527929700, 6565.1
1527930000, 6568.4
1527930300, 6563.6
1527930600, 6541.5
1527930900, 6550.1
1527931200, 6549.9
1527931500, 6553.4
1527931800, 6563.5
1527932100, 6557.1
1527932400, 6553.0
1527932700, 6557.1
1527933000, 6550.4
1527933300, 6570.9
1527933600, 6561.1
1527933900, 6570.5
1527934200, 6571.1
1527934500, 6580.0
1527934800, 6577.4
1527935100, 6576.1
1527935400, 6569.9
1527935700, 6557.5
1527936000, 6570.0
1527936300, 6567.0
1527936600, 6568.8
1527936900, 6563.0
1527937200, 6568.7
1527937500, 6560.3
1527937800, 6559.6
1527938100, 6556.7
1527938400, 6553.7
1527938700, 6558.2
1527939000, 6539.7
1527939300, 6544.1
1527939600, 6544.0
1527939900, 6550.0
1527940200, 6556.8
1527940500, 6557.8
1527940800, 6557.4
1527941100, 6551.2
1527941400, 6543.5
1527941700, 6548.4
1527942000, 6546.9
1527942300, 6545.0
1527942600, 6539.1
1527942900, 6544.2
1527943200, 6550.3
1527943500, 6550.8
1527943800, 6550.7
1527944100, 6548.8
1527944400, 6548.1
1527944700, 6547.3
1527945000, 6550.4
1527945300, 6552.0
1527945600, 6549.9
1527945900, 6556.1
1527946200, 6552.2
1527946500, 6552.2
1527946800, 6556.5
1527947100, 6560.0
1527947400, 6560.0
1527947700, 6552.3
1527948000, 6552.2
1527948300, 6552.2
1527948600, 6552.2
1527948900, 6552.2
1527949200, 6552.3
1527949500, 6558.6
1527949800, 6552.2
1527950100, 6552.3
1527950400, 6552.2
1527950700, 6552.3
1527951000, 6552.3
1527951300, 6554.4
1527951600, 6560.0
1527951900, 6558.0
1527952200, 6558.0
1527952500, 6569.6
1527952800, 6560.9
1527953100, 6552.8
1527953400, 6526.9
1527953700, 6538.5
1527954000, 6545.9
1527954300, 6542.6
1527954600, 6533.2
1527954900, 6538.2
1527955200, 6536.9
1527955500, 6534.9
1527955800, 6530.5
1527956100, 6533.0
1527956400, 6529.9
1527956700, 6529.8
1527957000, 6539.7
1527957300, 6536.6
1527957600, 6539.8
1527957900, 6534.2
1527958200, 6536.5
1527958500, 6541.4
1527958800, 6540.0
1527959100, 6540.0
1527959400, 6545.1
1527959700, 6551.0
1527960000, 6543.2
1527960300, 6540.1
1527960600, 6540.1
1527960900, 6534.5
1527961200, 6535.0
1527961500, 6536.3
1527961800, 6539.0
1527962100, 6538.9
1527962400, 6540.4
1527962700, 6543.0
1527963000, 6544.1
1527963300, 6549.8
1527963600, 6549.0
1527963900, 6549.2
1527964200, 6545.9
1527964500, 6547.1
1527964800, 6545.2
1527965100, 6554.0
1527965400, 6557.6
1527965700, 6556.3
1527966000, 6555.4
1527966300, 6556.8
1527966600, 6558.0
1527966900, 6555.0
1527967200, 6555.3
1527967500, 6560.0
1527967800, 6562.1
1527968100, 6561.7
1527968400, 6570.8
1527968700, 6571.8
1527969000, 6577.1
1527969300, 6571.9
1527969600, 6565.9
1527969900, 6565.9
1527970200, 6569.0
1527970500, 6564.3
1527970800, 6567.0
1527971100, 6556.0
1527971400, 6567.2
1527971700, 6567.3
1527972000, 6566.4
1527972300, 6557.9
1527972600, 6550.4
1527972900, 6539.6
1527973200, 6535.2
1527973500, 6538.3
