1532509500, 7068.3
1532509800, 7061.4
1532510100, 7039.1
1532510400, 7043.1
1532510700, 7049.7
1532511000, 7068.1
1532511300, 7055.8
1532511600, 7051.4
1532511900, 7033.0
1532512200, 7038.9
1532512500, 7038.4
1532512800, 7003.0
1532513100, 6975.2
1532513400, 6991.7
1532513700, 6965.0
1532514000, 6970.5
1532514300, 6970.7
1532514600, 6980.7
1532514900, 6976.6
1532515200, 6984.5
1532515500, 7020.0
1532515800, 7013.9
1532516100, 7020.4
1532516400, 6997.4
1532516700, 6994.7
1532517000, 7000.4
1532517300, 7023.0
1532517600, 7019.0
1532517900, 7019.1
1532518200, 7019.3
1532518500, 7023.7
1532518800, 7027.2
1532519100, 7015.0
1532519400, 6993.7
1532519700, 6987.6
1532520000, 7000.0
1532520300, 7000.1
1532520600, 7008.5
1532520900, 7012.7
1532521200, 7026.5
1532521500, 7016.0
1532521800, 7008.8
1532522100, 7009.3
1532522400, 7003.9
1532522700, 7004.0
1532523000, 6999.5
1532523300, 7009.4
1532523600, 7018.0
1532523900, 7017.5
1532524200, 7012.9
1532524500, 7010.8
1532524800, 7010.1
1532525100, 7000.1
1532525400, 6998.8
1532525700, 6990.5
1532526000, 7013.4
1532526300, 7006.0
1532526600, 7002.3
1532526900, 7007.2
1532527200, 7019.8
1532527500, 7011.5
1532527800, 7002.9
1532528100, 6993.7
1532528400, 6990.0
1532528700, 6993.7
1532529000, 7000.0
1532529300, 6995.0
1532529600, 6997.0
1532529900, 6994.8
1532530200, 6998.8
1532530500, 7002.9
1532530800, 7007.6
1532531100, 7004.0
1532531400, 6998.6
1532531700, 6991.0
1532532000, 6952.3
1532532300, 6945.0
1532532600, 6923.2
1532532900, 6919.2
1532533200, 6909.0
1532533500, 6916.1
1532533800, 6912.0
1532534100, 6946.6
1532534400, 6934.8
1532534700, 6927.6
1532535000, 6924.0
1532535300, 6947.6
1532535600, 6946.0
1532535900, 6961.5
1532536200, 6958.6
1532536500, 6962.1
1532536800, 6968.2
1532537100, 6985.0
1532537400, 6993.0
1532537700, 6983.9
1532538000, 6979.8
1532538300, 6966.1
1532538600, 6973.2
1532538900, 6962.8
1532539200, 6955.7
1532539500, 6962.4
1532539800, 6970.7
1532540100, 6954.3
1532540400, 6945.0
1532540700, 6930.4
1532541000, 6926.7
1532541300, 6936.6
1532541600, 6940.6
1532541900, 6935.3
1532542200, 6935.0
1532542500, 6935.2
1532542800, 6923.9
1532543100, 6920.0
1532543400, 6919.3
1532543700, 6910.0
1532544000, 6904.9
1532544300, 6903.8
1532544600, 6897.9
1532544900, 6898.9
1532545200, 6900.0
1532545500, 6912.0
1532545800, 6920.0
1532546100, 6921.1
1532546400, 6921.5
1532546700, 6921.4
1532547000, 6928.1
1532547300, 6920.8
1532547600, 6926.4
1532547900, 6932.1
1532548200, 6933.0
1532548500, 6957.3
1532548800, 6943.4
1532549100, 6931.4
1532549400, 6933.4
1532549700, 6928.9
1532550000, 6930.1
1532550300, 6931.0
1532550600, 6937.3
1532550900, 6939.1
1532551200, 6937.1
1532551500, 6943.7
1532551800, 6943.1
1532552100, 6971.3
1532552400, 6983.2
1532552700, 7002.3
1532553000, 7004.7
1532553300, 7033.0
1532553600, 7031.3
1532553900, 7050.3
1532554200, 7077.8
1532554500, 7050.0
1532554800, 7059.4
1532555100, 7048.5
1532555400, 7048.2
1532555700, 7059.6
1532556000, 7037.8
1532556300, 7044.0
1532556600, 7040.1
1532556900, 7047.3
1532557200, 7050.7
1532557500, 7051.1
1532557800, 7064.6
1532558100, 7081.7
1532558400, 7050.9
1532558700, 7045.0
1532559000, 7037.8
1532559300, 7037.0
1532559600, 7039.0
1532559900, 7041.6
1532560200, 7039.8
1532560500, 7040.7
1532560800, 7039.1
1532561100, 7005.1
1532561400, 6976.8
1532561700, 6995.2
1532562000, 6987.7
1532562300, 6964.6
1532562600, 6957.0
1532562900, 6954.6
1532563200, 6980.0
1532563500, 6974.8
1532563800, 6983.8
1532564100, 6975.0
1532564400, 6976.0
1532564700, 6976.3
1532565000, 6971.1
1532565300, 7007.6
1532565600, 7021.7
1532565900, 7012.7
1532566200, 7024.0
1532566500, 7006.5
1532566800, 7009.9
1532567100, 7010.8
1532567400, 7013.0
1532567700, 7006.5
1532568000, 6989.3
1532568300, 6981.8
1532568600, 6990.9
1532568900, 6991.5
1532569200, 6991.7
1532569500, 6995.2
1532569800, 6996.6
1532570100, 6998.2
1532570400, 6995.0
1532570700, 6981.8
1532571000, 6972.1
1532571300, 6972.3
1532571600, 6967.3
1532571900, 6972.5
1532572200, 6980.7
1532572500, 6993.7
1532572800, 6990.1
1532573100, 6989.3
1532573400, 6983.6
1532573700, 6973.6
1532574000, 6976.6
1532574300, 6971.4
1532574600, 6966.4
1532574900, 6961.4
1532575200, 6963.9
1532575500, 6986.9
1532575800, 6990.2
1532576100, 6999.0
1532576400, 6990.6
1532576700, 7009.3
1532577000, 7006.1
1532577300, 7006.2
1532577600, 7006.5
1532577900, 7006.4
1532578200, 6995.0
1532578500, 6997.7
1532578800, 7004.8
1532579100, 6995.2
1532579400, 6995.3
1532579700, 6995.2
1532580000, 6990.3
1532580300, 6995.7
1532580600, 6999.8
1532580900, 7005.8
1532581200, 7015.6
1532581500, 7013.8
1532581800, 7007.7
1532582100, 7000.7
1532582400, 6998.0
1532582700, 6996.1
1532583000, 6992.7
1532583300, 6990.0
1532583600, 6985.1
1532583900, 6985.1
1532584200, 6979.9
1532584500, 6987.0
1532584800, 6986.1
1532585100, 6988.7
1532585400, 6989.9
1532585700, 7004.9
1532586000, 7003.5
1532586300, 7001.8
1532586600, 7004.6
1532586900, 7004.8
1532587200, 7026.5
1532587500, 7021.2
1532587800, 7018.7
1532588100, 7044.1
1532588400, 7080.0
1532588700, 7063.7
1532589000, 7054.6
1532589300, 7063.4
1532589600, 7050.4
1532589900, 7055.0
1532590200, 7033.6
1532590500, 7044.3
1532590800, 7030.5
1532591100, 7028.3
1532591400, 7025.2
1532591700, 7033.0
1532592000, 7041.2
1532592300, 7037.8
1532592600, 7057.0
1532592900, 7047.0
1532593200, 7045.1
1532593500, 7044.5
1532593800, 7048.3
1532594100, 7048.7
1532594400, 7062.4
1532594700, 7054.4
1532595000, 7054.0
1532595300, 7043.0
1532595600, 7051.1
1532595900, 7052.1
1532596200, 7060.3
1532596500, 7069.1
1532596800, 7077.1
1532597100, 7077.8
1532597400, 7077.9
1532597700, 7059.7
1532598000, 7065.7
1532598300, 7063.9
1532598600, 7061.3
1532598900, 7063.0
1532599200, 7071.0
1532599500, 7066.7
1532599800, 7072.5
1532600100, 7083.2
1532600400, 7079.0
1532600700, 7085.9
1532601000, 7087.2
1532601300, 7085.1
1532601600, 7077.9
1532601900, 7078.8
1532602200, 7082.5
1532602500, 7083.7
1532602800, 7080.7
1532603100, 7080.0
1532603400, 7058.2
1532603700, 7063.6
1532604000, 7051.1
1532604300, 7050.0
1532604600, 7049.0
1532604900, 7048.0
1532605200, 7033.4
1532605500, 7038.9
1532605800, 7048.8
1532606100, 7048.8
1532606400, 7043.9
1532606700, 7021.2
1532607000, 7019.8
1532607300, 7023.7
1532607600, 7019.1
1532607900, 7002.7
1532608200, 6996.0
1532608500, 7002.2
1532608800, 7000.0
1532609100, 7014.8
1532609400, 7024.8
1532609700, 7034.7
1532610000, 7029.2
1532610300, 7030.9
1532610600, 7042.6
1532610900, 7041.1
1532611200, 7046.9
1532611500, 7042.8
1532611800, 7035.8
1532612100, 7030.9
1532612400, 7025.8
1532612700, 7021.2
1532613000, 7021.3
1532613300, 7030.9
1532613600, 7036.5
1532613900, 7022.7
1532614200, 7014.4
1532614500, 7026.7
1532614800, 7026.3
1532615100, 7022.6
1532615400, 7026.9
1532615700, 7036.5
1532616000, 7036.4
1532616300, 7041.8
1532616600, 7047.0
1532616900, 7049.7
1532617200, 7042.2
1532617500, 7047.8
1532617800, 7042.2
1532618100, 7036.3
1532618400, 7036.1
1532618700, 7036.1
1532619000, 7037.1
1532619300, 7038.7
1532619600, 7041.7
1532619900, 7043.0
1532620200, 7036.4
1532620500, 7041.5
1532620800, 7039.3
1532621100, 7040.0
1532621400, 7031.8
1532621700, 7026.0
1532622000, 7029.8
1532622300, 7030.0
1532622600, 7025.0
1532622900, 7027.0
1532623200, 7025.3
1532623500, 7034.2
1532623800, 7039.7
1532624100, 7036.8
1532624400, 7037.4
1532624700, 7047.0
1532625000, 7054.0
1532625300, 7054.2
1532625600, 7057.0
1532625900, 7057.1
1532626200, 7063.9
1532626500, 7056.0
1532626800, 7054.3
1532627100, 7056.0
1532627400, 7053.8
1532627700, 7050.1
1532628000, 7048.1
1532628300, 7047.2
1532628600, 7052.2
1532628900, 7050.3
1532629200, 7058.0
1532629500, 7061.0
1532629800, 7059.9
1532630100, 7058.1
1532630400, 7060.0
1532630700, 7065.9
1532631000, 7066.8
1532631300, 7068.1
1532631600, 7068.8
1532631900, 7068.9
1532632200, 7067.3
1532632500, 7066.4
1532632800, 7065.9
1532633100, 7067.9
1532633400, 7068.1
1532633700, 7069.8
1532634000, 7069.3
1532634300, 7069.9
1532634600, 7090.2
1532634900, 7093.6
1532635200, 7082.7
1532635500, 7078.6
1532635800, 7088.8
1532636100, 7092.7
1532636400, 7095.2
1532636700, 7097.1
1532637000, 7100.3
1532637300, 7112.6
1532637600, 7105.7
1532637900, 7090.0
1532638200, 7021.3
1532638500, 6981.4
1532638800, 6938.9
1532639100, 6968.0
1532639400, 6985.6
1532639700, 6944.9
1532640000, 6965.7
1532640300, 6943.4
1532640600, 6918.9
1532640900, 6848.2
1532641200, 6874.3
1532641500, 6860.0
1532641800, 6795.0
1532642100, 6830.0
1532642400, 6856.5
1532642700, 6829.9
1532643000, 6848.9
1532643300, 6852.2
1532643600, 6869.0
1532643900, 6848.3
1532644200, 6853.9
1532644500, 6830.0
1532644800, 6792.0
1532645100, 6810.9
1532645400, 6807.0
1532645700, 6796.9
1532646000, 6751.9
1532646300, 6764.4
1532646600, 6740.0
1532646900, 6761.1
1532647200, 6764.8
1532647500, 6760.0
1532647800, 6793.2
1532648100, 6801.6
1532648400, 6796.6
1532648700, 6809.6
1532649000, 6811.7
1532649300, 6800.4
1532649600, 6801.0
1532649900, 6800.6
1532650200, 6797.2
1532650500, 6799.8
1532650800, 6798.6
1532651100, 6789.9
1532651400, 6779.3
1532651700, 6791.4
1532652000, 6795.0
1532652300, 6790.0
1532652600, 6790.1
1532652900, 6790.1
1532653200, 6794.6
1532653500, 6805.8
1532653800, 6791.4
1532654100, 6796.3
1532654400, 6803.2
1532654700, 6790.5
1532655000, 6790.6
1532655300, 6791.0
1532655600, 6766.2
1532655900, 6766.6
1532656200, 6765.4
1532656500, 6780.3
1532656800, 6778.4
1532657100, 6778.4
1532657400, 6790.3
1532657700, 6793.8
1532658000, 6779.2
1532658300, 6780.0
1532658600, 6786.6
1532658900, 6786.1
1532659200, 6785.3
1532659500, 6780.0
1532659800, 6771.1
1532660100, 6760.0
1532660400, 6754.2
1532660700, 6757.3
1532661000, 6768.0
1532661300, 6772.4
1532661600, 6766.3
1532661900, 6771.1
1532662200, 6771.0
1532662500, 6764.9
1532662800, 6770.6
1532663100, 6771.8
1532663400, 6775.1
1532663700, 6763.1
1532664000, 6777.7
1532664300, 6787.0
1532664600, 6799.8
1532664900, 6805.0
1532665200, 6804.5
1532665500, 6805.5
1532665800, 6809.1
1532666100, 6805.5
1532666400, 6804.7
1532666700, 6805.5
1532667000, 6809.5
1532667300, 6809.4
1532667600, 6809.2
1532667900, 6804.0
1532668200, 6804.9
1532668500, 6804.3
1532668800, 6799.8
1532669100, 6796.1
1532669400, 6786.3
1532669700, 6789.7
1532670000, 6790.3
1532670300, 6806.0
1532670600, 6799.2
1532670900, 6798.5
1532671200, 6794.4
1532671500, 6794.5
1532671800, 6793.5
1532672100, 6791.3
1532672400, 6790.5
1532672700, 6780.1
1532673000, 6781.2
1532673300, 6790.2
1532673600, 6784.9
1532673900, 6791.5
1532674200, 6795.2
1532674500, 6787.9
1532674800, 6792.9
1532675100, 6790.4
1532675400, 6782.0
1532675700, 6778.5
1532676000, 6779.7
1532676300, 6777.4
1532676600, 6771.0
1532676900, 6775.2
1532677200, 6770.0
1532677500, 6776.2
1532677800, 6781.5
1532678100, 6792.5
1532678400, 6798.9
1532678700, 6801.0
1532679000, 6822.4
1532679300, 6815.8
1532679600, 6825.9
1532679900, 6824.8
1532680200, 6836.1
1532680500, 6846.9
1532680800, 6845.8
1532681100, 6866.4
1532681400, 6856.0
1532681700, 6856.4
1532682000, 6867.9
1532682300, 6864.5
1532682600, 6859.3
1532682900, 6862.2
1532683200, 6856.1
1532683500, 6856.4
1532683800, 6865.7
1532684100, 6864.1
1532684400, 6854.4
1532684700, 6850.4
1532685000, 6850.0
1532685300, 6845.5
1532685600, 6835.0
1532685900, 6831.1
1532686200, 6819.7
1532686500, 6810.0
1532686800, 6824.4
1532687100, 6829.8
1532687400, 6835.5
1532687700, 6838.9
1532688000, 6840.6
1532688300, 6836.8
1532688600, 6836.9
1532688900, 6838.8
1532689200, 6830.0
1532689500, 6829.0
1532689800, 6821.9
1532690100, 6819.1
1532690400, 6811.1
1532690700, 6803.5
1532691000, 6804.6
1532691300, 6808.6
1532691600, 6802.3
1532691900, 6804.5
1532692200, 6801.9
1532692500, 6808.6
1532692800, 6809.0
1532693100, 6808.9
1532693400, 6809.0
1532693700, 6808.9
1532694000, 6793.0
1532694300, 6778.7
1532694600, 6759.0
1532694900, 6776.1
1532695200, 6772.1
1532695500, 6760.0
1532695800, 6718.0
1532696100, 6736.3
1532696400, 6706.1
1532696700, 6719.8
1532697000, 6726.6
1532697300, 6750.8
1532697600, 6755.0
1532697900, 6753.6
1532698200, 6745.1
1532698500, 6768.2
1532698800, 6764.5
1532699100, 6758.9
1532699400, 6748.5
1532699700, 6759.9
1532700000, 6759.9
1532700300, 6747.9
1532700600, 6748.2
1532700900, 6748.5
1532701200, 6749.0
1532701500, 6748.6
1532701800, 6733.7
1532702100, 6723.3
1532702400, 6732.5
1532702700, 6738.0
1532703000, 6738.0
1532703300, 6717.8
1532703600, 6838.2
1532703900, 6831.1
1532704200, 6902.9
1532704500, 6943.4
1532704800, 6977.0
1532705100, 7000.0
1532705400, 6976.0
1532705700, 6978.6
1532706000, 6983.8
1532706300, 6975.4
1532706600, 7000.1
1532706900, 6979.9
1532707200, 6988.9
1532707500, 6992.2
1532707800, 6999.7
1532708100, 6999.0
1532708400, 6994.5
1532708700, 7017.8
1532709000, 7039.9
1532709300, 7030.0
1532709600, 7035.9
1532709900, 7016.5
1532710200, 7005.2
1532710500, 7014.3
1532710800, 7017.5
1532711100, 7003.9
1532711400, 7004.4
1532711700, 7011.8
1532712000, 7011.8
1532712300, 6990.3
1532712600, 6999.9
1532712900, 7011.3
1532713200, 7006.1
1532713500, 7005.0
1532713800, 7003.8
1532714100, 7000.0
1532714400, 7016.0
1532714700, 7033.9
1532715000, 7038.6
1532715300, 7034.8
1532715600, 7033.9
1532715900, 7057.5
1532716200, 7058.6
1532716500, 7064.5
1532716800, 7071.2
1532717100, 7074.7
1532717400, 7081.0
1532717700, 7078.8
1532718000, 7086.7
1532718300, 7057.5
1532718600, 7040.0
1532718900, 7056.6
1532719200, 7056.8
1532719500, 7057.8
1532719800, 7049.2
1532720100, 7050.0
1532720400, 7041.8
1532720700, 7039.8
1532721000, 7040.8
1532721300, 7039.8
1532721600, 7053.8
1532721900, 7046.0
1532722200, 7038.5
1532722500, 7049.1
1532722800, 7052.1
1532723100, 7048.5
1532723400, 7043.1
1532723700, 7039.2
1532724000, 7036.0
1532724300, 7036.1
1532724600, 7050.1
1532724900, 7045.0
1532725200, 7055.2
