1529401800, 5819.6
1529402100, 5819.9
1529402400, 5812.8
1529402700, 5813.0
1529403000, 5815.0
1529403300, 5818.1
1529403600, 5830.1
1529403900, 5824.7
1529404200, 5807.9
1529404500, 5810.1
1529404800, 5807.6
1529405100, 5803.8
1529405400, 5823.4
1529405700, 5816.7
1529406000, 5819.5
1529406300, 5828.2
1529406600, 5831.1
1529406900, 5823.5
1529407200, 5827.9
1529407500, 5840.0
1529407800, 5850.0
1529408100, 5850.5
1529408400, 5860.0
1529408700, 5855.1
1529409000, 5853.6
1529409300, 5836.0
1529409600, 5845.8
1529409900, 5846.0
1529410200, 5835.5
1529410500, 5844.6
1529410800, 5839.4
1529411100, 5839.9
1529411400, 5840.0
1529411700, 5849.6
1529412000, 5835.6
1529412300, 5838.3
1529412600, 5847.0
1529412900, 5861.7
1529413200, 5859.4
1529413500, 5871.7
1529413800, 5896.4
1529414100, 5883.2
1529414400, 5873.7
1529414700, 5862.9
1529415000, 5873.0
1529415300, 5867.9
1529415600, 5876.5
1529415900, 5866.1
1529416200, 5860.3
1529416500, 5850.5
1529416800, 5853.0
1529417100, 5843.6
1529417400, 5833.2
1529417700, 5839.8
1529418000, 5848.6
1529418300, 5849.9
1529418600, 5845.4
1529418900, 5839.6
1529419200, 5839.4
1529419500, 5835.8
1529419800, 5836.8
1529420100, 5842.7
1529420400, 5840.7
1529420700, 5841.0
1529421000, 5837.7
1529421300, 5840.0
1529421600, 5839.9
1529421900, 5841.4
1529422200, 5845.0
1529422500, 5845.0
1529422800, 5836.8
1529423100, 5835.0
1529423400, 5835.0
1529423700, 5835.3
1529424000, 5818.1
1529424300, 5810.4
1529424600, 5806.0
1529424900, 5778.0
1529425200, 5788.0
1529425500, 5793.1
1529425800, 5811.5
1529426100, 5811.4
1529426400, 5811.4
1529426700, 5811.6
1529427000, 5816.6
1529427300, 5822.5
1529427600, 5826.2
1529427900, 5833.8
1529428200, 5835.0
1529428500, 5838.2
1529428800, 5825.3
1529429100, 5825.3
1529429400, 5823.3
1529429700, 5823.3
1529430000, 5823.7
1529430300, 5817.9
1529430600, 5815.9
1529430900, 5825.2
1529431200, 5825.2
1529431500, 5823.2
1529431800, 5822.9
1529432100, 5822.8
1529432400, 5823.4
1529432700, 5825.2
1529433000, 5825.3
1529433300, 5828.3
1529433600, 5814.0
1529433900, 5817.1
1529434200, 5820.0
1529434500, 5817.0
1529434800, 5818.3
1529435100, 5820.5
1529435400, 5823.0
1529435700, 5826.5
1529436000, 5824.9
1529436300, 5821.2
1529436600, 5822.5
1529436900, 5825.6
1529437200, 5836.9
1529437500, 5842.7
1529437800, 5836.6
1529438100, 5841.4
1529438400, 5838.4
1529438700, 5842.9
1529439000, 5839.1
1529439300, 5827.9
1529439600, 5823.0
1529439900, 5825.0
1529440200, 5819.3
1529440500, 5818.0
1529440800, 5796.3
1529441100, 5801.7
1529441400, 5789.4
1529441700, 5790.0
1529442000, 5790.0
1529442300, 5794.7
1529442600, 5802.8
1529442900, 5797.9
1529443200, 5795.1
1529443500, 5800.8
1529443800, 5811.7
1529444100, 5811.6
1529444400, 5812.0
1529444700, 5812.6
1529445000, 5806.7
1529445300, 5800.0
1529445600, 5806.7
1529445900, 5806.4
1529446200, 5800.3
1529446500, 5800.4
1529446800, 5806.0
1529447100, 5810.1
1529447400, 5815.7
1529447700, 5823.5
1529448000, 5825.0
1529448300, 5825.0
1529448600, 5817.8
1529448900, 5818.1
1529449200, 5817.8
1529449500, 5814.2
1529449800, 5811.8
1529450100, 5815.2
1529450400, 5816.0
1529450700, 5823.1
1529451000, 5820.3
1529451300, 5820.2
1529451600, 5819.0
1529451900, 5819.0
1529452200, 5820.5
1529452500, 5830.0
1529452800, 5823.0
1529453100, 5821.1
1529453400, 5822.9
1529453700, 5823.0
1529454000, 5821.1
1529454300, 5815.5
1529454600, 5814.0
1529454900, 5812.4
1529455200, 5811.0
1529455500, 5810.9
1529455800, 5787.4
1529456100, 5769.5
1529456400, 5735.6
1529456700, 5694.4
1529457000, 5698.0
1529457300, 5673.9
1529457600, 5695.0
1529457900, 5680.0
1529458200, 5694.7
1529458500, 5696.9
1529458800, 5695.4
1529459100, 5700.0
1529459400, 5700.7
1529459700, 5724.9
1529460000, 5702.2
1529460300, 5703.0
1529460600, 5704.3
1529460900, 5712.8
1529461200, 5704.2
1529461500, 5705.1
1529461800, 5703.0
1529462100, 5703.3
1529462400, 5703.3
1529462700, 5710.6
1529463000, 5711.5
1529463300, 5709.9
1529463600, 5709.4
1529463900, 5716.0
1529464200, 5717.5
1529464500, 5717.5
1529464800, 5719.5
1529465100, 5719.9
1529465400, 5720.0
1529465700, 5721.2
1529466000, 5720.4
1529466300, 5720.8
1529466600, 5712.8
1529466900, 5713.3
1529467200, 5711.9
1529467500, 5707.5
1529467800, 5702.4
1529468100, 5702.0
1529468400, 5699.4
1529468700, 5704.3
1529469000, 5705.0
1529469300, 5712.7
1529469600, 5713.0
1529469900, 5712.9
1529470200, 5713.0
1529470500, 5710.0
1529470800, 5713.0
1529471100, 5713.9
1529471400, 5713.9
1529471700, 5715.2
1529472000, 5717.4
1529472300, 5717.3
1529472600, 5718.0
1529472900, 5715.1
1529473200, 5715.1
1529473500, 5714.6
1529473800, 5708.3
1529474100, 5705.9
1529474400, 5705.5
1529474700, 5705.5
1529475000, 5710.0
1529475300, 5710.0
1529475600, 5712.0
1529475900, 5711.9
1529476200, 5711.0
1529476500, 5710.4
1529476800, 5717.8
1529477100, 5720.0
1529477400, 5740.0
1529477700, 5722.9
1529478000, 5736.0
1529478300, 5742.6
1529478600, 5732.1
1529478900, 5736.7
1529479200, 5730.4
1529479500, 5731.1
1529479800, 5731.3
1529480100, 5731.3
1529480400, 5730.0
1529480700, 5730.1
1529481000, 5730.0
1529481300, 5737.1
1529481600, 5732.4
1529481900, 5738.0
1529482200, 5741.1
1529482500, 5743.8
1529482800, 5740.7
1529483100, 5743.0
1529483400, 5744.5
1529483700, 5746.3
1529484000, 5744.9
1529484300, 5747.9
1529484600, 5748.1
1529484900, 5748.0
1529485200, 5749.6
1529485500, 5739.3
1529485800, 5738.8
1529486100, 5739.0
1529486400, 5744.8
1529486700, 5750.5
1529487000, 5749.0
1529487300, 5755.0
1529487600, 5758.0
1529487900, 5750.0
1529488200, 5750.0
1529488500, 5749.9
1529488800, 5742.4
1529489100, 5737.1
1529489400, 5737.8
1529489700, 5734.2
1529490000, 5745.3
1529490300, 5740.0
1529490600, 5738.9
1529490900, 5735.6
1529491200, 5733.1
1529491500, 5737.3
1529491800, 5740.3
1529492100, 5739.4
1529492400, 5732.7
1529492700, 5732.5
1529493000, 5730.0
1529493300, 5727.3
1529493600, 5729.1
1529493900, 5730.0
1529494200, 5733.0
1529494500, 5733.0
1529494800, 5732.9
1529495100, 5733.9
1529495400, 5734.9
1529495700, 5734.9
1529496000, 5730.2
1529496300, 5733.2
1529496600, 5730.7
1529496900, 5728.8
1529497200, 5728.0
1529497500, 5734.2
1529497800, 5727.9
1529498100, 5723.6
1529498400, 5722.4
1529498700, 5721.9
1529499000, 5720.2
1529499300, 5721.1
1529499600, 5715.2
1529499900, 5701.2
1529500200, 5714.3
1529500500, 5755.3
1529500800, 5837.7
1529501100, 5808.7
1529501400, 5817.9
1529501700, 5817.2
1529502000, 5821.6
1529502300, 5827.8
1529502600, 5818.3
1529502900, 5815.5
1529503200, 5835.1
1529503500, 5840.6
1529503800, 5852.8
1529504100, 5837.9
1529504400, 5839.7
1529504700, 5843.1
1529505000, 5849.1
1529505300, 5846.1
1529505600, 5847.3
1529505900, 5847.2
1529506200, 5846.4
1529506500, 5849.4
1529506800, 5852.9
1529507100, 5837.3
1529507400, 5843.0
1529507700, 5843.1
1529508000, 5842.6
1529508300, 5841.2
1529508600, 5834.6
1529508900, 5837.1
1529509200, 5838.9
1529509500, 5840.2
1529509800, 5840.0
1529510100, 5840.0
1529510400, 5855.1
1529510700, 5854.8
1529511000, 5852.6
1529511300, 5855.0
1529511600, 5855.8
1529511900, 5850.0
1529512200, 5854.3
1529512500, 5849.6
1529512800, 5831.7
1529513100, 5843.5
1529513400, 5835.6
1529513700, 5831.9
1529514000, 5841.3
1529514300, 5838.7
1529514600, 5837.5
1529514900, 5834.3
1529515200, 5831.4
1529515500, 5831.4
1529515800, 5831.4
1529516100, 5831.4
1529516400, 5831.5
1529516700, 5831.0
1529517000, 5829.5
1529517300, 5826.9
1529517600, 5829.9
1529517900, 5835.5
1529518200, 5845.1
1529518500, 5838.8
1529518800, 5843.0
1529519100, 5839.0
1529519400, 5841.0
1529519700, 5842.5
1529520000, 5842.0
1529520300, 5834.1
1529520600, 5834.5
1529520900, 5833.5
1529521200, 5836.3
1529521500, 5832.0
1529521800, 5832.0
1529522100, 5830.5
1529522400, 5832.0
1529522700, 5834.4
1529523000, 5840.1
1529523300, 5837.5
1529523600, 5837.1
1529523900, 5836.0
1529524200, 5837.2
1529524500, 5837.2
1529524800, 5833.1
1529525100, 5819.2
1529525400, 5827.1
1529525700, 5826.7
1529526000, 5829.2
1529526300, 5829.8
1529526600, 5829.9
1529526900, 5829.9
1529527200, 5829.8
1529527500, 5829.7
1529527800, 5830.2
1529528100, 5830.1
1529528400, 5830.1
1529528700, 5830.7
1529529000, 5830.0
1529529300, 5835.7
1529529600, 5830.0
1529529900, 5828.0
1529530200, 5823.0
1529530500, 5827.9
1529530800, 5825.3
1529531100, 5822.7
1529531400, 5804.3
1529531700, 5804.1
1529532000, 5820.6
1529532300, 5801.8
1529532600, 5804.6
1529532900, 5809.8
1529533200, 5808.5
1529533500, 5802.5
1529533800, 5809.2
1529534100, 5806.9
1529534400, 5807.0
1529534700, 5813.4
1529535000, 5816.9
1529535300, 5824.2
1529535600, 5825.7
1529535900, 5831.0
1529536200, 5828.8
1529536500, 5833.1
1529536800, 5830.1
1529537100, 5833.3
1529537400, 5830.2
1529537700, 5835.5
1529538000, 5835.7
1529538300, 5834.8
1529538600, 5835.3
1529538900, 5837.4
1529539200, 5838.3
1529539500, 5836.4
1529539800, 5829.5
1529540100, 5828.5
1529540400, 5830.5
1529540700, 5834.7
1529541000, 5845.8
1529541300, 5839.2
1529541600, 5833.2
1529541900, 5825.4
1529542200, 5825.9
1529542500, 5834.0
1529542800, 5834.5
1529543100, 5839.1
1529543400, 5839.0
1529543700, 5836.2
1529544000, 5831.4
1529544300, 5833.0
1529544600, 5834.0
1529544900, 5835.6
1529545200, 5835.2
1529545500, 5834.4
1529545800, 5834.3
1529546100, 5842.6
1529546400, 5843.0
1529546700, 5850.1
1529547000, 5851.0
1529547300, 5855.6
1529547600, 5848.3
1529547900, 5849.1
1529548200, 5851.1
1529548500, 5851.3
1529548800, 5852.0
1529549100, 5853.8
1529549400, 5857.4
1529549700, 5858.9
1529550000, 5859.0
1529550300, 5858.0
1529550600, 5858.0
1529550900, 5856.7
1529551200, 5856.8
1529551500, 5855.7
1529551800, 5848.8
1529552100, 5850.5
1529552400, 5850.8
1529552700, 5852.6
1529553000, 5851.7
1529553300, 5852.6
1529553600, 5848.8
1529553900, 5852.5
1529554200, 5852.9
1529554500, 5851.4
1529554800, 5851.8
1529555100, 5850.8
1529555400, 5844.1
1529555700, 5839.9
1529556000, 5836.7
1529556300, 5840.0
1529556600, 5840.0
1529556900, 5840.3
1529557200, 5840.9
1529557500, 5841.0
1529557800, 5840.4
1529558100, 5840.0
1529558400, 5839.8
1529558700, 5840.0
1529559000, 5840.0
1529559300, 5840.0
1529559600, 5840.4
1529559900, 5841.0
1529560200, 5844.0
1529560500, 5844.3
1529560800, 5839.3
1529561100, 5839.2
1529561400, 5835.9
1529561700, 5845.3
1529562000, 5848.8
1529562300, 5849.6
1529562600, 5848.0
1529562900, 5849.1
1529563200, 5847.8
1529563500, 5848.0
1529563800, 5849.0
1529564100, 5853.0
1529564400, 5861.3
1529564700, 5856.4
1529565000, 5856.6
1529565300, 5853.7
1529565600, 5853.8
1529565900, 5850.4
1529566200, 5849.2
1529566500, 5847.9
1529566800, 5846.8
1529567100, 5846.4
1529567400, 5845.8
1529567700, 5850.0
1529568000, 5830.6
1529568300, 5833.0
1529568600, 5836.9
1529568900, 5836.9
1529569200, 5836.0
1529569500, 5828.6
1529569800, 5831.5
1529570100, 5832.1
1529570400, 5827.3
1529570700, 5822.4
1529571000, 5829.6
1529571300, 5832.5
1529571600, 5836.4
1529571900, 5837.4
1529572200, 5838.0
1529572500, 5839.3
1529572800, 5838.9
1529573100, 5842.2
1529573400, 5842.5
1529573700, 5825.7
1529574000, 5830.0
1529574300, 5825.5
1529574600, 5829.4
1529574900, 5844.2
1529575200, 5850.0
1529575500, 5849.9
1529575800, 5849.8
1529576100, 5840.8
1529576400, 5843.0
1529576700, 5847.7
1529577000, 5847.0
1529577300, 5864.9
1529577600, 5853.9
1529577900, 5853.3
1529578200, 5845.0
1529578500, 5844.0
1529578800, 5837.0
1529579100, 5839.3
1529579400, 5836.3
1529579700, 5831.2
1529580000, 5839.7
1529580300, 5839.2
1529580600, 5837.7
1529580900, 5833.2
1529581200, 5832.4
1529581500, 5831.0
1529581800, 5832.4
1529582100, 5833.5
1529582400, 5833.3
1529582700, 5838.2
1529583000, 5839.3
1529583300, 5835.0
1529583600, 5835.7
1529583900, 5835.6
1529584200, 5834.0
1529584500, 5825.4
1529584800, 5826.8
1529585100, 5820.5
1529585400, 5811.0
1529585700, 5800.5
1529586000, 5807.1
1529586300, 5810.0
1529586600, 5800.9
1529586900, 5799.7
1529587200, 5807.2
1529587500, 5815.0
1529587800, 5811.0
1529588100, 5813.0
1529588400, 5795.9
1529588700, 5810.5
1529589000, 5813.9
1529589300, 5814.3
1529589600, 5803.2
1529589900, 5810.0
1529590200, 5809.1
1529590500, 5809.9
1529590800, 5801.4
1529591100, 5799.3
1529591400, 5790.5
1529591700, 5791.4
1529592000, 5780.8
1529592300, 5794.1
1529592600, 5796.8
1529592900, 5799.9
1529593200, 5793.1
1529593500, 5793.1
1529593800, 5794.0
1529594100, 5794.1
1529594400, 5795.0
1529594700, 5810.0
1529595000, 5805.3
1529595300, 5809.0
1529595600, 5811.4
1529595900, 5806.5
1529596200, 5801.8
1529596500, 5798.8
1529596800, 5799.1
1529597100, 5797.6
1529597400, 5796.7
1529597700, 5794.9
1529598000, 5795.1
1529598300, 5796.9
1529598600, 5802.2
1529598900, 5800.7
1529599200, 5798.7
1529599500, 5806.3
1529599800, 5799.3
1529600100, 5802.0
1529600400, 5800.0
1529600700, 5799.6
1529601000, 5801.0
1529601300, 5799.7
1529601600, 5792.5
1529601900, 5780.2
1529602200, 5789.3
1529602500, 5784.1
1529602800, 5785.1
1529603100, 5786.1
1529603400, 5786.1
1529603700, 5787.3
1529604000, 5788.3
1529604300, 5790.1
1529604600, 5789.2
1529604900, 5790.0
1529605200, 5790.0
1529605500, 5790.2
1529605800, 5790.0
1529606100, 5790.0
1529606400, 5789.2
1529606700, 5785.7
1529607000, 5780.5
1529607300, 5779.1
1529607600, 5776.9
1529607900, 5789.0
1529608200, 5785.1
1529608500, 5789.8
1529608800, 5787.5
1529609100, 5785.9
1529609400, 5787.4
1529609700, 5787.0
1529610000, 5787.8
1529610300, 5786.7
1529610600, 5788.2
1529610900, 5793.5
1529611200, 5793.1
1529611500, 5793.7
1529611800, 5794.1
1529612100, 5797.4
1529612400, 5803.4
1529612700, 5804.0
1529613000, 5803.1
1529613300, 5803.1
1529613600, 5793.2
1529613900, 5791.4
1529614200, 5791.5
1529614500, 5794.0
1529614800, 5796.6
1529615100, 5797.2
1529615400, 5799.7
1529615700, 5796.7
1529616000, 5795.4
1529616300, 5795.1
1529616600, 5794.2
1529616900, 5795.5
1529617200, 5793.0
1529617500, 5791.2
