1530003900, 5325.5
1530004200, 5335.0
1530004500, 5340.2
1530004800, 5338.1
1530005100, 5332.6
1530005400, 5335.0
1530005700, 5335.0
1530006000, 5337.7
1530006300, 5330.6
1530006600, 5319.7
1530006900, 5308.7
1530007200, 5320.0
1530007500, 5319.6
1530007800, 5316.5
1530008100, 5322.1
1530008400, 5322.7
1530008700, 5317.0
1530009000, 5312.7
1530009300, 5312.7
1530009600, 5312.6
1530009900, 5332.9
1530010200, 5338.2
1530010500, 5339.4
1530010800, 5335.3
1530011100, 5335.5
1530011400, 5329.9
1530011700, 5331.4
1530012000, 5325.7
1530012300, 5321.6
1530012600, 5317.2
1530012900, 5317.0
1530013200, 5317.5
1530013500, 5310.0
1530013800, 5314.9
1530014100, 5312.6
1530014400, 5310.6
1530014700, 5320.8
1530015000, 5321.2
1530015300, 5318.2
1530015600, 5308.8
1530015900, 5301.0
1530016200, 5316.3
1530016500, 5311.2
1530016800, 5312.1
1530017100, 5313.0
1530017400, 5311.6
1530017700, 5313.6
1530018000, 5315.8
1530018300, 5323.5
1530018600, 5334.0
1530018900, 5324.4
1530019200, 5324.1
1530019500, 5304.4
1530019800, 5284.8
1530020100, 5297.4
1530020400, 5291.0
1530020700, 5283.9
1530021000, 5286.3
1530021300, 5294.3
1530021600, 5292.2
1530021900, 5292.3
1530022200, 5287.2
1530022500, 5277.4
1530022800, 5285.5
1530023100, 5291.7
1530023400, 5282.7
1530023700, 5292.7
1530024000, 5307.0
1530024300, 5298.9
1530024600, 5300.0
1530024900, 5292.4
1530025200, 5299.4
1530025500, 5295.6
1530025800, 5298.9
1530026100, 5282.5
1530026400, 5279.1
1530026700, 5284.4
1530027000, 5283.8
1530027300, 5281.1
1530027600, 5270.0
1530027900, 5280.0
1530028200, 5285.0
1530028500, 5290.0
1530028800, 5305.0
1530029100, 5304.1
1530029400, 5286.8
1530029700, 5279.7
1530030000, 5285.0
1530030300, 5288.0
1530030600, 5280.6
1530030900, 5282.0
1530031200, 5286.0
1530031500, 5285.1
1530031800, 5297.8
1530032100, 5299.9
1530032400, 5296.2
1530032700, 5296.9
1530033000, 5293.4
1530033300, 5302.4
1530033600, 5300.0
1530033900, 5299.8
1530034200, 5307.2
1530034500, 5303.6
1530034800, 5303.9
1530035100, 5300.0
1530035400, 5299.1
1530035700, 5305.4
1530036000, 5312.3
1530036300, 5315.2
1530036600, 5315.3
1530036900, 5315.2
1530037200, 5315.2
1530037500, 5316.9
1530037800, 5317.6
1530038100, 5316.1
1530038400, 5295.4
1530038700, 5299.0
1530039000, 5299.0
1530039300, 5287.8
1530039600, 5292.5
1530039900, 5289.3
1530040200, 5296.5
1530040500, 5300.0
1530040800, 5291.2
1530041100, 5291.7
1530041400, 5295.1
1530041700, 5299.8
1530042000, 5299.7
1530042300, 5295.6
1530042600, 5293.7
1530042900, 5292.8
1530043200, 5294.8
1530043500, 5300.1
1530043800, 5305.1
1530044100, 5307.2
1530044400, 5309.4
1530044700, 5304.1
1530045000, 5303.2
1530045300, 5303.0
1530045600, 5302.2
1530045900, 5303.0
1530046200, 5302.9
1530046500, 5300.6
1530046800, 5303.1
1530047100, 5303.0
1530047400, 5301.7
1530047700, 5302.0
1530048000, 5303.3
1530048300, 5303.3
1530048600, 5303.8
1530048900, 5305.1
1530049200, 5310.1
1530049500, 5310.1
1530049800, 5340.0
1530050100, 5335.7
1530050400, 5312.5
1530050700, 5270.0
1530051000, 5269.9
1530051300, 5263.0
1530051600, 5280.1
1530051900, 5280.0
1530052200, 5285.6
1530052500, 5271.7
1530052800, 5283.4
1530053100, 5290.5
1530053400, 5285.4
1530053700, 5285.3
1530054000, 5275.0
1530054300, 5259.8
1530054600, 5255.6
1530054900, 5259.5
1530055200, 5259.8
1530055500, 5260.0
1530055800, 5251.0
1530056100, 5233.9
1530056400, 5235.1
1530056700, 5200.0
1530057000, 5213.0
1530057300, 5212.0
1530057600, 5196.8
1530057900, 5185.9
1530058200, 5179.6
1530058500, 5181.1
1530058800, 5210.0
1530059100, 5222.6
1530059400, 5215.0
1530059700, 5221.2
1530060000, 5208.9
1530060300, 5208.9
1530060600, 5220.8
1530060900, 5226.0
1530061200, 5221.9
1530061500, 5215.0
1530061800, 5214.4
1530062100, 5203.1
1530062400, 5211.3
1530062700, 5210.0
1530063000, 5231.4
1530063300, 5223.1
1530063600, 5218.8
1530063900, 5225.5
1530064200, 5219.6
1530064500, 5215.0
1530064800, 5210.8
1530065100, 5212.7
1530065400, 5206.3
1530065700, 5204.4
1530066000, 5204.0
1530066300, 5200.3
1530066600, 5210.0
1530066900, 5210.0
1530067200, 5205.0
1530067500, 5205.6
1530067800, 5203.9
1530068100, 5205.1
1530068400, 5205.2
1530068700, 5210.4
1530069000, 5214.0
1530069300, 5204.9
1530069600, 5201.7
1530069900, 5199.8
1530070200, 5195.2
1530070500, 5191.2
1530070800, 5193.4
1530071100, 5193.2
1530071400, 5191.8
1530071700, 5180.0
1530072000, 5186.6
1530072300, 5193.3
1530072600, 5180.1
1530072900, 5193.9
1530073200, 5190.3
1530073500, 5197.0
1530073800, 5200.5
1530074100, 5194.4
1530074400, 5203.6
1530074700, 5200.6
1530075000, 5199.8
1530075300, 5190.8
1530075600, 5197.8
1530075900, 5197.9
1530076200, 5206.5
1530076500, 5207.8
1530076800, 5218.3
1530077100, 5215.8
1530077400, 5219.5
1530077700, 5226.8
1530078000, 5229.6
1530078300, 5224.9
1530078600, 5227.0
1530078900, 5210.2
1530079200, 5214.8
1530079500, 5223.7
1530079800, 5220.2
1530080100, 5222.8
1530080400, 5220.0
1530080700, 5216.6
1530081000, 5218.8
1530081300, 5217.6
1530081600, 5214.6
1530081900, 5216.8
1530082200, 5214.9
1530082500, 5205.1
1530082800, 5204.8
1530083100, 5202.5
1530083400, 5201.9
1530083700, 5200.9
1530084000, 5201.0
1530084300, 5210.1
1530084600, 5215.0
1530084900, 5214.2
1530085200, 5210.0
1530085500, 5210.4
1530085800, 5211.1
1530086100, 5213.7
1530086400, 5215.0
1530086700, 5215.0
1530087000, 5213.7
1530087300, 5214.7
1530087600, 5217.1
1530087900, 5229.8
1530088200, 5220.0
1530088500, 5220.1
1530088800, 5219.9
1530089100, 5217.2
1530089400, 5215.6
1530089700, 5220.0
1530090000, 5223.4
1530090300, 5223.3
1530090600, 5225.8
1530090900, 5229.3
1530091200, 5228.1
1530091500, 5220.4
1530091800, 5225.7
1530092100, 5229.5
1530092400, 5232.8
1530092700, 5240.6
1530093000, 5240.2
1530093300, 5239.6
1530093600, 5240.0
1530093900, 5241.0
1530094200, 5238.5
1530094500, 5237.5
1530094800, 5237.2
1530095100, 5235.0
1530095400, 5236.1
1530095700, 5250.4
1530096000, 5254.8
1530096300, 5265.4
1530096600, 5263.9
1530096900, 5255.0
1530097200, 5246.8
1530097500, 5246.7
1530097800, 5246.8
1530098100, 5246.8
1530098400, 5246.9
1530098700, 5247.1
1530099000, 5254.0
1530099300, 5250.7
1530099600, 5255.1
1530099900, 5240.0
1530100200, 5232.0
1530100500, 5240.8
1530100800, 5242.1
1530101100, 5242.0
1530101400, 5240.1
1530101700, 5233.3
1530102000, 5226.8
1530102300, 5228.3
1530102600, 5234.1
1530102900, 5241.0
1530103200, 5239.1
1530103500, 5240.3
1530103800, 5242.1
1530104100, 5245.5
1530104400, 5248.0
1530104700, 5247.7
1530105000, 5255.0
1530105300, 5252.7
1530105600, 5243.3
1530105900, 5246.7
1530106200, 5252.5
1530106500, 5252.0
1530106800, 5252.5
1530107100, 5243.3
1530107400, 5248.2
1530107700, 5245.0
1530108000, 5241.9
1530108300, 5247.9
1530108600, 5245.5
1530108900, 5238.5
1530109200, 5231.4
1530109500, 5231.7
1530109800, 5236.8
1530110100, 5231.1
1530110400, 5221.4
1530110700, 5210.4
1530111000, 5196.4
1530111300, 5211.6
1530111600, 5251.8
1530111900, 5261.1
1530112200, 5267.3
1530112500, 5257.8
1530112800, 5259.9
1530113100, 5255.8
1530113400, 5259.3
1530113700, 5264.7
1530114000, 5281.8
1530114300, 5279.7
1530114600, 5264.6
1530114900, 5269.8
1530115200, 5270.2
1530115500, 5263.6
1530115800, 5266.0
1530116100, 5263.5
1530116400, 5265.1
1530116700, 5265.0
1530117000, 5261.5
1530117300, 5273.5
1530117600, 5275.4
1530117900, 5284.9
1530118200, 5282.2
1530118500, 5280.0
1530118800, 5283.7
1530119100, 5292.4
1530119400, 5275.5
1530119700, 5274.2
1530120000, 5286.7
1530120300, 5284.5
1530120600, 5283.3
1530120900, 5286.3
1530121200, 5288.8
1530121500, 5287.4
1530121800, 5287.0
1530122100, 5285.0
1530122400, 5289.0
1530122700, 5289.2
1530123000, 5294.0
1530123300, 5290.0
1530123600, 5289.0
1530123900, 5290.1
1530124200, 5289.5
1530124500, 5289.3
1530124800, 5293.3
1530125100, 5293.9
1530125400, 5292.2
1530125700, 5293.9
1530126000, 5293.9
1530126300, 5289.5
1530126600, 5287.7
1530126900, 5292.4
1530127200, 5290.6
1530127500, 5289.9
1530127800, 5295.0
1530128100, 5295.1
1530128400, 5297.3
1530128700, 5303.8
1530129000, 5308.1
1530129300, 5310.1
1530129600, 5297.3
1530129900, 5302.9
1530130200, 5305.0
1530130500, 5305.0
1530130800, 5305.0
1530131100, 5304.8
1530131400, 5296.6
1530131700, 5291.8
1530132000, 5292.3
1530132300, 5292.1
1530132600, 5292.0
1530132900, 5295.1
1530133200, 5291.3
1530133500, 5289.8
1530133800, 5281.2
1530134100, 5284.6
1530134400, 5291.1
1530134700, 5296.8
1530135000, 5295.8
1530135300, 5296.8
1530135600, 5297.5
1530135900, 5298.8
1530136200, 5293.8
1530136500, 5290.0
1530136800, 5294.4
1530137100, 5293.9
1530137400, 5294.0
1530137700, 5292.7
1530138000, 5292.1
1530138300, 5294.4
1530138600, 5291.3
1530138900, 5293.0
1530139200, 5293.0
1530139500, 5298.8
1530139800, 5307.3
1530140100, 5305.1
1530140400, 5304.6
1530140700, 5335.1
1530141000, 5328.8
1530141300, 5312.9
1530141600, 5316.3
1530141900, 5321.4
1530142200, 5303.3
1530142500, 5298.9
1530142800, 5305.2
1530143100, 5305.6
1530143400, 5304.9
1530143700, 5304.8
1530144000, 5300.7
1530144300, 5302.0
1530144600, 5305.3
1530144900, 5313.1
1530145200, 5306.1
1530145500, 5308.9
1530145800, 5308.9
1530146100, 5314.4
1530146400, 5314.5
1530146700, 5314.9
1530147000, 5315.5
1530147300, 5310.5
1530147600, 5301.7
1530147900, 5304.2
1530148200, 5299.7
1530148500, 5295.6
1530148800, 5290.5
1530149100, 5290.0
1530149400, 5296.7
1530149700, 5300.2
1530150000, 5300.2
1530150300, 5301.1
1530150600, 5305.2
1530150900, 5305.0
1530151200, 5305.0
1530151500, 5306.0
1530151800, 5306.0
1530152100, 5297.7
1530152400, 5298.8
1530152700, 5298.2
1530153000, 5299.3
1530153300, 5299.1
1530153600, 5288.7
1530153900, 5284.8
1530154200, 5284.1
1530154500, 5276.9
1530154800, 5288.2
1530155100, 5290.0
1530155400, 5288.9
1530155700, 5282.8
1530156000, 5282.8
1530156300, 5282.3
1530156600, 5267.1
1530156900, 5272.2
1530157200, 5272.8
1530157500, 5266.8
1530157800, 5266.3
1530158100, 5265.8
1530158400, 5267.8
1530158700, 5265.4
1530159000, 5255.8
1530159300, 5266.3
1530159600, 5261.1
1530159900, 5259.6
1530160200, 5269.1
1530160500, 5270.6
1530160800, 5269.8
1530161100, 5267.8
1530161400, 5268.0
1530161700, 5277.9
1530162000, 5279.3
1530162300, 5279.7
1530162600, 5276.8
1530162900, 5276.3
1530163200, 5278.0
1530163500, 5273.8
1530163800, 5272.5
1530164100, 5278.0
1530164400, 5277.8
1530164700, 5280.2
1530165000, 5284.2
1530165300, 5284.1
1530165600, 5284.3
1530165900, 5284.3
1530166200, 5284.3
1530166500, 5280.1
1530166800, 5284.3
1530167100, 5283.0
1530167400, 5282.6
1530167700, 5284.2
1530168000, 5284.9
1530168300, 5286.5
1530168600, 5280.0
1530168900, 5283.0
1530169200, 5283.7
1530169500, 5285.0
1530169800, 5286.8
1530170100, 5281.8
1530170400, 5284.9
1530170700, 5280.1
1530171000, 5273.5
1530171300, 5273.2
1530171600, 5274.6
1530171900, 5274.6
1530172200, 5274.6
1530172500, 5280.0
1530172800, 5289.8
1530173100, 5288.5
1530173400, 5288.5
1530173700, 5291.9
1530174000, 5293.7
1530174300, 5297.4
1530174600, 5297.3
1530174900, 5302.0
1530175200, 5301.2
1530175500, 5297.3
1530175800, 5296.1
1530176100, 5292.1
1530176400, 5291.3
1530176700, 5292.1
1530177000, 5289.5
1530177300, 5284.8
1530177600, 5282.0
1530177900, 5281.4
1530178200, 5271.0
1530178500, 5286.0
1530178800, 5281.0
1530179100, 5275.4
1530179400, 5270.9
1530179700, 5271.4
1530180000, 5267.3
1530180300, 5268.0
1530180600, 5280.0
1530180900, 5276.3
1530181200, 5270.0
1530181500, 5268.2
1530181800, 5268.3
1530182100, 5258.9
1530182400, 5252.6
1530182700, 5258.6
1530183000, 5262.1
1530183300, 5259.4
1530183600, 5259.1
1530183900, 5261.0
1530184200, 5272.0
1530184500, 5266.5
1530184800, 5267.1
1530185100, 5266.1
1530185400, 5260.8
1530185700, 5265.5
1530186000, 5260.2
1530186300, 5262.5
1530186600, 5273.0
1530186900, 5272.6
1530187200, 5268.3
1530187500, 5268.4
1530187800, 5266.7
1530188100, 5269.4
1530188400, 5280.9
1530188700, 5279.7
1530189000, 5273.0
1530189300, 5272.9
1530189600, 5270.3
1530189900, 5264.7
1530190200, 5271.5
1530190500, 5271.2
1530190800, 5273.0
1530191100, 5272.3
1530191400, 5266.8
1530191700, 5263.5
1530192000, 5267.0
1530192300, 5271.1
1530192600, 5275.1
1530192900, 5267.8
1530193200, 5267.4
1530193500, 5268.1
1530193800, 5267.9
1530194100, 5269.3
1530194400, 5273.6
1530194700, 5272.2
1530195000, 5274.0
1530195300, 5274.5
1530195600, 5271.5
1530195900, 5272.2
1530196200, 5255.1
1530196500, 5250.0
1530196800, 5269.2
1530197100, 5269.1
1530197400, 5277.4
1530197700, 5273.3
1530198000, 5270.1
1530198300, 5265.0
1530198600, 5273.0
1530198900, 5267.0
1530199200, 5261.8
1530199500, 5261.5
1530199800, 5260.0
1530200100, 5260.0
1530200400, 5265.7
1530200700, 5271.8
1530201000, 5267.5
1530201300, 5265.8
1530201600, 5262.2
1530201900, 5262.5
1530202200, 5270.9
1530202500, 5270.2
1530202800, 5264.4
1530203100, 5269.5
1530203400, 5274.2
1530203700, 5262.6
1530204000, 5267.8
1530204300, 5263.3
1530204600, 5261.0
1530204900, 5264.4
1530205200, 5264.1
1530205500, 5264.1
1530205800, 5265.4
1530206100, 5267.5
1530206400, 5265.1
1530206700, 5264.3
1530207000, 5267.1
1530207300, 5266.9
1530207600, 5259.9
1530207900, 5266.0
1530208200, 5266.2
1530208500, 5263.8
1530208800, 5269.8
1530209100, 5269.3
1530209400, 5269.8
1530209700, 5272.4
1530210000, 5270.4
1530210300, 5270.5
1530210600, 5270.1
1530210900, 5270.5
1530211200, 5274.2
1530211500, 5270.4
1530211800, 5270.0
1530212100, 5270.0
1530212400, 5269.6
1530212700, 5269.9
1530213000, 5275.9
1530213300, 5275.1
1530213600, 5274.1
1530213900, 5272.4
1530214200, 5259.1
1530214500, 5264.1
1530214800, 5260.1
1530215100, 5237.3
1530215400, 5256.3
1530215700, 5256.0
1530216000, 5252.0
1530216300, 5250.0
1530216600, 5253.4
1530216900, 5247.5
1530217200, 5244.5
1530217500, 5247.4
1530217800, 5246.9
1530218100, 5244.1
1530218400, 5228.4
1530218700, 5211.4
1530219000, 5216.2
1530219300, 5217.2
1530219600, 5219.1
