1529315100, 5573.7
1529315400, 5573.7
1529315700, 5569.9
1529316000, 5567.1
1529316300, 5558.1
1529316600, 5551.9
1529316900, 5549.0
1529317200, 5550.0
1529317500, 5550.0
1529317800, 5549.3
1529318100, 5545.0
1529318400, 5546.4
1529318700, 5544.7
1529319000, 5542.4
1529319300, 5540.0
1529319600, 5530.0
1529319900, 5526.5
1529320200, 5527.0
1529320500, 5520.0
1529320800, 5520.5
1529321100, 5519.8
1529321400, 5527.0
1529321700, 5522.5
1529322000, 5532.6
1529322300, 5535.0
1529322600, 5541.0
1529322900, 5536.4
1529323200, 5536.9
1529323500, 5542.9
1529323800, 5546.3
1529324100, 5547.5
1529324400, 5548.1
1529324700, 5539.3
1529325000, 5537.5
1529325300, 5534.3
1529325600, 5534.1
1529325900, 5533.5
1529326200, 5533.9
1529326500, 5534.2
1529326800, 5534.2
1529327100, 5533.4
1529327400, 5534.2
1529327700, 5531.9
1529328000, 5528.1
1529328300, 5531.4
1529328600, 5540.2
1529328900, 5545.4
1529329200, 5543.8
1529329500, 5535.5
1529329800, 5545.8
1529330100, 5549.4
1529330400, 5542.8
1529330700, 5548.4
1529331000, 5548.5
1529331300, 5547.4
1529331600, 5546.7
1529331900, 5548.5
1529332200, 5546.0
1529332500, 5536.6
1529332800, 5577.0
1529333100, 5554.0
1529333400, 5560.1
1529333700, 5560.3
1529334000, 5570.3
1529334300, 5570.0
1529334600, 5563.1
1529334900, 5570.0
1529335200, 5564.3
1529335500, 5566.4
1529335800, 5568.5
1529336100, 5571.6
1529336400, 5570.2
1529336700, 5570.3
1529337000, 5570.7
1529337300, 5578.4
1529337600, 5575.9
1529337900, 5573.1
1529338200, 5575.5
1529338500, 5574.5
1529338800, 5573.9
1529339100, 5722.5
1529339400, 5726.9
1529339700, 5733.8
1529340000, 5760.3
1529340300, 5739.5
1529340600, 5737.8
1529340900, 5730.1
1529341200, 5740.0
1529341500, 5750.0
1529341800, 5851.5
1529342100, 5810.0
1529342400, 5807.7
1529342700, 5827.6
1529343000, 5821.8
1529343300, 5822.1
1529343600, 5805.1
1529343900, 5800.1
1529344200, 5804.9
1529344500, 5796.1
1529344800, 5809.5
1529345100, 5805.4
1529345400, 5796.8
1529345700, 5793.0
1529346000, 5799.3
1529346300, 5802.0
1529346600, 5797.5
1529346900, 5799.0
1529347200, 5794.4
1529347500, 5800.6
1529347800, 5792.3
1529348100, 5789.7
1529348400, 5787.4
1529348700, 5791.0
1529349000, 5800.1
1529349300, 5794.9
1529349600, 5783.0
1529349900, 5773.9
1529350200, 5775.0
1529350500, 5771.8
1529350800, 5759.7
1529351100, 5765.6
1529351400, 5772.1
1529351700, 5768.2
1529352000, 5782.9
1529352300, 5781.6
1529352600, 5772.1
1529352900, 5769.9
1529353200, 5783.3
1529353500, 5781.1
1529353800, 5785.6
1529354100, 5783.4
1529354400, 5781.8
1529354700, 5789.4
1529355000, 5790.0
1529355300, 5800.1
1529355600, 5800.0
1529355900, 5799.7
1529356200, 5797.0
1529356500, 5792.1
1529356800, 5788.8
1529357100, 5787.5
1529357400, 5787.5
1529357700, 5783.0
1529358000, 5783.9
1529358300, 5781.2
1529358600, 5783.0
1529358900, 5785.5
1529359200, 5784.2
1529359500, 5790.0
1529359800, 5786.8
1529360100, 5786.8
1529360400, 5780.2
1529360700, 5779.0
1529361000, 5778.6
1529361300, 5774.8
1529361600, 5773.5
1529361900, 5773.9
1529362200, 5774.2
1529362500, 5774.2
1529362800, 5775.0
1529363100, 5768.6
1529363400, 5768.2
1529363700, 5757.0
1529364000, 5760.0
1529364300, 5761.9
1529364600, 5762.4
1529364900, 5768.0
1529365200, 5765.3
1529365500, 5765.9
1529365800, 5766.0
1529366100, 5765.1
1529366400, 5769.9
1529366700, 5780.0
1529367000, 5777.9
1529367300, 5782.5
1529367600, 5776.4
1529367900, 5782.1
1529368200, 5782.2
1529368500, 5778.7
1529368800, 5776.2
1529369100, 5779.8
1529369400, 5778.4
1529369700, 5773.2
1529370000, 5770.6
1529370300, 5773.6
1529370600, 5770.8
1529370900, 5772.2
1529371200, 5774.9
1529371500, 5772.3
1529371800, 5771.2
1529372100, 5775.4
1529372400, 5776.6
1529372700, 5776.6
1529373000, 5776.5
1529373300, 5774.0
1529373600, 5776.6
1529373900, 5767.9
1529374200, 5772.7
1529374500, 5772.0
1529374800, 5776.5
1529375100, 5770.6
1529375400, 5769.9
1529375700, 5771.7
1529376000, 5768.9
1529376300, 5750.0
1529376600, 5750.1
1529376900, 5744.1
1529377200, 5743.7
1529377500, 5764.0
1529377800, 5741.9
1529378100, 5740.4
1529378400, 5736.6
1529378700, 5748.3
1529379000, 5747.6
1529379300, 5748.8
1529379600, 5749.6
1529379900, 5743.9
1529380200, 5743.0
1529380500, 5746.3
1529380800, 5747.0
1529381100, 5747.8
1529381400, 5755.9
1529381700, 5755.9
1529382000, 5760.0
1529382300, 5761.8
1529382600, 5763.8
1529382900, 5768.4
1529383200, 5769.8
1529383500, 5766.5
1529383800, 5767.4
1529384100, 5766.1
1529384400, 5763.7
1529384700, 5758.8
1529385000, 5757.9
1529385300, 5758.0
1529385600, 5755.5
1529385900, 5759.4
1529386200, 5765.3
1529386500, 5764.4
1529386800, 5774.2
1529387100, 5767.0
1529387400, 5774.1
1529387700, 5771.7
1529388000, 5773.4
1529388300, 5774.4
1529388600, 5771.8
1529388900, 5772.0
1529389200, 5773.3
1529389500, 5774.0
1529389800, 5773.9
1529390100, 5757.6
1529390400, 5774.2
1529390700, 5765.2
1529391000, 5769.4
1529391300, 5770.3
1529391600, 5772.4
1529391900, 5769.9
1529392200, 5769.5
1529392500, 5775.7
1529392800, 5773.0
1529393100, 5777.2
1529393400, 5774.3
1529393700, 5772.5
1529394000, 5778.8
1529394300, 5781.6
1529394600, 5784.8
1529394900, 5787.0
1529395200, 5778.1
1529395500, 5777.0
1529395800, 5784.5
1529396100, 5786.6
1529396400, 5793.5
1529396700, 5795.0
1529397000, 5808.9
1529397300, 5799.1
1529397600, 5800.3
1529397900, 5798.3
1529398200, 5800.8
1529398500, 5793.0
1529398800, 5797.6
1529399100, 5799.7
1529399400, 5802.0
1529399700, 5812.5
1529400000, 5810.4
1529400300, 5815.0
1529400600, 5815.8
1529400900, 5814.0
1529401200, 5813.1
1529401500, 5812.5
1529401800, 5819.6
1529402100, 5819.9
1529402400, 5812.8
1529402700, 5813.0
1529403000, 5815.0
1529403300, 5818.1
1529403600, 5830.1
1529403900, 5824.7
1529404200, 5807.9
1529404500, 5810.1
1529404800, 5807.6
1529405100, 5803.8
1529405400, 5823.4
1529405700, 5816.7
1529406000, 5819.5
1529406300, 5828.2
1529406600, 5831.1
1529406900, 5823.5
1529407200, 5827.9
1529407500, 5840.0
1529407800, 5850.0
1529408100, 5850.5
1529408400, 5860.0
1529408700, 5855.1
1529409000, 5853.6
1529409300, 5836.0
1529409600, 5845.8
1529409900, 5846.0
1529410200, 5835.5
1529410500, 5844.6
1529410800, 5839.4
1529411100, 5839.9
1529411400, 5840.0
1529411700, 5849.6
1529412000, 5835.6
1529412300, 5838.3
1529412600, 5847.0
1529412900, 5861.7
1529413200, 5859.4
1529413500, 5871.7
1529413800, 5896.4
1529414100, 5883.2
1529414400, 5873.7
1529414700, 5862.9
1529415000, 5873.0
1529415300, 5867.9
1529415600, 5876.5
1529415900, 5866.1
1529416200, 5860.3
1529416500, 5850.5
1529416800, 5853.0
1529417100, 5843.6
1529417400, 5833.2
1529417700, 5839.8
1529418000, 5848.6
1529418300, 5849.9
1529418600, 5845.4
1529418900, 5839.6
1529419200, 5839.4
1529419500, 5835.8
1529419800, 5836.8
1529420100, 5842.7
1529420400, 5840.7
1529420700, 5841.0
1529421000, 5837.7
1529421300, 5840.0
1529421600, 5839.9
1529421900, 5841.4
1529422200, 5845.0
1529422500, 5845.0
1529422800, 5836.8
1529423100, 5835.0
1529423400, 5835.0
1529423700, 5835.3
1529424000, 5818.1
1529424300, 5810.4
1529424600, 5806.0
1529424900, 5778.0
1529425200, 5788.0
1529425500, 5793.1
1529425800, 5811.5
1529426100, 5811.4
1529426400, 5811.4
1529426700, 5811.6
1529427000, 5816.6
1529427300, 5822.5
1529427600, 5826.2
1529427900, 5833.8
1529428200, 5835.0
1529428500, 5838.2
1529428800, 5825.3
1529429100, 5825.3
1529429400, 5823.3
1529429700, 5823.3
1529430000, 5823.7
1529430300, 5817.9
1529430600, 5815.9
1529430900, 5825.2
1529431200, 5825.2
1529431500, 5823.2
1529431800, 5822.9
1529432100, 5822.8
1529432400, 5823.4
1529432700, 5825.2
1529433000, 5825.3
1529433300, 5828.3
1529433600, 5814.0
1529433900, 5817.1
1529434200, 5820.0
1529434500, 5817.0
1529434800, 5818.3
1529435100, 5820.5
1529435400, 5823.0
1529435700, 5826.5
1529436000, 5824.9
1529436300, 5821.2
1529436600, 5822.5
1529436900, 5825.6
1529437200, 5836.9
1529437500, 5842.7
1529437800, 5836.6
1529438100, 5841.4
1529438400, 5838.4
1529438700, 5842.9
1529439000, 5839.1
1529439300, 5827.9
1529439600, 5823.0
1529439900, 5825.0
1529440200, 5819.3
1529440500, 5818.0
1529440800, 5796.3
1529441100, 5801.7
1529441400, 5789.4
1529441700, 5790.0
1529442000, 5790.0
1529442300, 5794.7
1529442600, 5802.8
1529442900, 5797.9
1529443200, 5795.1
1529443500, 5800.8
1529443800, 5811.7
1529444100, 5811.6
1529444400, 5812.0
1529444700, 5812.6
1529445000, 5806.7
1529445300, 5800.0
1529445600, 5806.7
1529445900, 5806.4
1529446200, 5800.3
1529446500, 5800.4
1529446800, 5806.0
1529447100, 5810.1
1529447400, 5815.7
1529447700, 5823.5
1529448000, 5825.0
1529448300, 5825.0
1529448600, 5817.8
1529448900, 5818.1
1529449200, 5817.8
1529449500, 5814.2
1529449800, 5811.8
1529450100, 5815.2
1529450400, 5816.0
1529450700, 5823.1
1529451000, 5820.3
1529451300, 5820.2
1529451600, 5819.0
1529451900, 5819.0
1529452200, 5820.5
1529452500, 5830.0
1529452800, 5823.0
1529453100, 5821.1
1529453400, 5822.9
1529453700, 5823.0
1529454000, 5821.1
1529454300, 5815.5
1529454600, 5814.0
1529454900, 5812.4
1529455200, 5811.0
1529455500, 5810.9
1529455800, 5787.4
1529456100, 5769.5
1529456400, 5735.6
1529456700, 5694.4
1529457000, 5698.0
1529457300, 5673.9
1529457600, 5695.0
1529457900, 5680.0
1529458200, 5694.7
1529458500, 5696.9
1529458800, 5695.4
1529459100, 5700.0
1529459400, 5700.7
1529459700, 5724.9
1529460000, 5702.2
1529460300, 5703.0
1529460600, 5704.3
1529460900, 5712.8
1529461200, 5704.2
1529461500, 5705.1
1529461800, 5703.0
1529462100, 5703.3
1529462400, 5703.3
1529462700, 5710.6
1529463000, 5711.5
1529463300, 5709.9
1529463600, 5709.4
1529463900, 5716.0
1529464200, 5717.5
1529464500, 5717.5
1529464800, 5719.5
1529465100, 5719.9
1529465400, 5720.0
1529465700, 5721.2
1529466000, 5720.4
1529466300, 5720.8
1529466600, 5712.8
1529466900, 5713.3
1529467200, 5711.9
1529467500, 5707.5
1529467800, 5702.4
1529468100, 5702.0
1529468400, 5699.4
1529468700, 5704.3
1529469000, 5705.0
1529469300, 5712.7
1529469600, 5713.0
1529469900, 5712.9
1529470200, 5713.0
1529470500, 5710.0
1529470800, 5713.0
1529471100, 5713.9
1529471400, 5713.9
1529471700, 5715.2
1529472000, 5717.4
1529472300, 5717.3
1529472600, 5718.0
1529472900, 5715.1
1529473200, 5715.1
1529473500, 5714.6
1529473800, 5708.3
1529474100, 5705.9
1529474400, 5705.5
1529474700, 5705.5
1529475000, 5710.0
1529475300, 5710.0
1529475600, 5712.0
1529475900, 5711.9
1529476200, 5711.0
1529476500, 5710.4
1529476800, 5717.8
1529477100, 5720.0
1529477400, 5740.0
1529477700, 5722.9
1529478000, 5736.0
1529478300, 5742.6
1529478600, 5732.1
1529478900, 5736.7
1529479200, 5730.4
1529479500, 5731.1
1529479800, 5731.3
1529480100, 5731.3
1529480400, 5730.0
1529480700, 5730.1
1529481000, 5730.0
1529481300, 5737.1
1529481600, 5732.4
1529481900, 5738.0
1529482200, 5741.1
1529482500, 5743.8
1529482800, 5740.7
1529483100, 5743.0
1529483400, 5744.5
1529483700, 5746.3
1529484000, 5744.9
1529484300, 5747.9
1529484600, 5748.1
1529484900, 5748.0
1529485200, 5749.6
1529485500, 5739.3
1529485800, 5738.8
1529486100, 5739.0
1529486400, 5744.8
1529486700, 5750.5
1529487000, 5749.0
1529487300, 5755.0
1529487600, 5758.0
1529487900, 5750.0
1529488200, 5750.0
1529488500, 5749.9
1529488800, 5742.4
1529489100, 5737.1
1529489400, 5737.8
1529489700, 5734.2
1529490000, 5745.3
1529490300, 5740.0
1529490600, 5738.9
1529490900, 5735.6
1529491200, 5733.1
1529491500, 5737.3
1529491800, 5740.3
1529492100, 5739.4
1529492400, 5732.7
1529492700, 5732.5
1529493000, 5730.0
1529493300, 5727.3
1529493600, 5729.1
1529493900, 5730.0
1529494200, 5733.0
1529494500, 5733.0
1529494800, 5732.9
1529495100, 5733.9
1529495400, 5734.9
1529495700, 5734.9
1529496000, 5730.2
1529496300, 5733.2
1529496600, 5730.7
1529496900, 5728.8
1529497200, 5728.0
1529497500, 5734.2
1529497800, 5727.9
1529498100, 5723.6
1529498400, 5722.4
1529498700, 5721.9
1529499000, 5720.2
1529499300, 5721.1
1529499600, 5715.2
1529499900, 5701.2
1529500200, 5714.3
1529500500, 5755.3
1529500800, 5837.7
1529501100, 5808.7
1529501400, 5817.9
1529501700, 5817.2
1529502000, 5821.6
1529502300, 5827.8
1529502600, 5818.3
1529502900, 5815.5
1529503200, 5835.1
1529503500, 5840.6
1529503800, 5852.8
1529504100, 5837.9
1529504400, 5839.7
1529504700, 5843.1
1529505000, 5849.1
1529505300, 5846.1
1529505600, 5847.3
1529505900, 5847.2
1529506200, 5846.4
1529506500, 5849.4
1529506800, 5852.9
1529507100, 5837.3
1529507400, 5843.0
1529507700, 5843.1
1529508000, 5842.6
1529508300, 5841.2
1529508600, 5834.6
1529508900, 5837.1
1529509200, 5838.9
1529509500, 5840.2
1529509800, 5840.0
1529510100, 5840.0
1529510400, 5855.1
1529510700, 5854.8
1529511000, 5852.6
1529511300, 5855.0
1529511600, 5855.8
1529511900, 5850.0
1529512200, 5854.3
1529512500, 5849.6
1529512800, 5831.7
1529513100, 5843.5
1529513400, 5835.6
1529513700, 5831.9
1529514000, 5841.3
1529514300, 5838.7
1529514600, 5837.5
1529514900, 5834.3
1529515200, 5831.4
1529515500, 5831.4
1529515800, 5831.4
1529516100, 5831.4
1529516400, 5831.5
1529516700, 5831.0
1529517000, 5829.5
1529517300, 5826.9
1529517600, 5829.9
1529517900, 5835.5
1529518200, 5845.1
1529518500, 5838.8
1529518800, 5843.0
1529519100, 5839.0
1529519400, 5841.0
1529519700, 5842.5
1529520000, 5842.0
1529520300, 5834.1
1529520600, 5834.5
1529520900, 5833.5
1529521200, 5836.3
1529521500, 5832.0
1529521800, 5832.0
1529522100, 5830.5
1529522400, 5832.0
1529522700, 5834.4
1529523000, 5840.1
1529523300, 5837.5
1529523600, 5837.1
1529523900, 5836.0
1529524200, 5837.2
1529524500, 5837.2
1529524800, 5833.1
1529525100, 5819.2
1529525400, 5827.1
1529525700, 5826.7
1529526000, 5829.2
1529526300, 5829.8
1529526600, 5829.9
1529526900, 5829.9
1529527200, 5829.8
1529527500, 5829.7
1529527800, 5830.2
1529528100, 5830.1
1529528400, 5830.1
1529528700, 5830.7
1529529000, 5830.0
1529529300, 5835.7
1529529600, 5830.0
1529529900, 5828.0
1529530200, 5823.0
1529530500, 5827.9
1529530800, 5823.7
