1531299300, 5438.0
1531299600, 5438.0
1531299900, 5437.1
1531300200, 5430.5
1531300500, 5426.2
1531300800, 5426.7
1531301100, 5426.8
1531301400, 5428.2
1531301700, 5425.3
1531302000, 5417.3
1531302300, 5400.0
1531302600, 5411.4
1531302900, 5417.0
1531303200, 5420.0
1531303500, 5410.0
1531303800, 5419.2
1531304100, 5411.3
1531304400, 5395.0
1531304700, 5395.0
1531305000, 5387.1
1531305300, 5395.0
1531305600, 5405.0
1531305900, 5419.0
1531306200, 5417.1
1531306500, 5417.6
1531306800, 5417.8
1531307100, 5424.9
1531307400, 5420.4
1531307700, 5423.4
1531308000, 5421.2
1531308300, 5423.0
1531308600, 5424.8
1531308900, 5430.6
1531309200, 5445.0
1531309500, 5442.8
1531309800, 5444.5
1531310100, 5441.2
1531310400, 5444.8
1531310700, 5433.4
1531311000, 5419.4
1531311300, 5413.9
1531311600, 5423.7
1531311900, 5422.7
1531312200, 5424.1
1531312500, 5427.0
1531312800, 5427.9
1531313100, 5426.6
1531313400, 5422.7
1531313700, 5421.2
1531314000, 5417.3
1531314300, 5428.9
1531314600, 5433.3
1531314900, 5431.0
1531315200, 5434.0
1531315500, 5436.2
1531315800, 5421.7
1531316100, 5418.5
1531316400, 5415.0
1531316700, 5424.9
1531317000, 5420.0
1531317300, 5426.4
1531317600, 5420.0
1531317900, 5416.0
1531318200, 5408.2
1531318500, 5409.0
1531318800, 5412.4
1531319100, 5415.0
1531319400, 5412.0
1531319700, 5418.0
1531320000, 5416.7
1531320300, 5418.0
1531320600, 5422.2
1531320900, 5426.4
1531321200, 5425.3
1531321500, 5420.1
1531321800, 5419.9
1531322100, 5429.9
1531322400, 5425.8
1531322700, 5425.1
1531323000, 5425.7
1531323300, 5425.7
1531323600, 5428.0
1531323900, 5427.5
1531324200, 5428.9
1531324500, 5429.5
1531324800, 5425.5
1531325100, 5406.5
1531325400, 5410.0
1531325700, 5412.2
1531326000, 5412.3
1531326300, 5412.3
1531326600, 5412.5
1531326900, 5421.5
1531327200, 5421.5
1531327500, 5418.7
1531327800, 5419.7
1531328100, 5423.1
1531328400, 5437.4
1531328700, 5438.9
1531329000, 5438.2
1531329300, 5442.4
1531329600, 5436.2
1531329900, 5433.0
1531330200, 5432.9
1531330500, 5433.2
1531330800, 5435.1
1531331100, 5435.2
1531331400, 5435.4
1531331700, 5435.0
1531332000, 5441.1
1531332300, 5437.8
1531332600, 5442.5
1531332900, 5440.2
1531333200, 5441.2
1531333500, 5443.4
1531333800, 5441.5
1531334100, 5435.5
1531334400, 5435.5
1531334700, 5435.5
1531335000, 5435.6
1531335300, 5437.5
1531335600, 5439.5
1531335900, 5439.1
1531336200, 5429.4
1531336500, 5429.0
1531336800, 5434.4
1531337100, 5434.3
1531337400, 5432.0
1531337700, 5408.7
1531338000, 5426.0
1531338300, 5422.3
1531338600, 5438.3
1531338900, 5439.9
1531339200, 5439.3
1531339500, 5441.1
1531339800, 5441.6
1531340100, 5441.2
1531340400, 5442.9
1531340700, 5442.8
1531341000, 5442.9
1531341300, 5443.1
1531341600, 5445.9
1531341900, 5445.9
1531342200, 5445.9
1531342500, 5433.7
1531342800, 5442.1
1531343100, 5449.7
1531343400, 5449.9
1531343700, 5449.9
1531344000, 5457.3
1531344300, 5448.0
1531344600, 5449.0
1531344900, 5449.2
1531345200, 5440.5
1531345500, 5439.3
1531345800, 5440.0
1531346100, 5444.1
1531346400, 5453.1
1531346700, 5450.3
1531347000, 5451.1
1531347300, 5451.0
1531347600, 5451.7
1531347900, 5455.9
1531348200, 5456.2
1531348500, 5458.2
1531348800, 5458.0
1531349100, 5458.0
1531349400, 5451.0
1531349700, 5452.7
1531350000, 5451.2
1531350300, 5458.0
1531350600, 5458.2
1531350900, 5456.3
1531351200, 5455.9
1531351500, 5455.0
1531351800, 5451.0
1531352100, 5453.0
1531352400, 5455.7
1531352700, 5456.7
1531353000, 5456.4
1531353300, 5459.8
1531353600, 5455.0
1531353900, 5455.9
1531354200, 5454.4
1531354500, 5453.7
1531354800, 5444.7
1531355100, 5440.5
1531355400, 5440.0
1531355700, 5440.0
1531356000, 5446.8
1531356300, 5447.7
1531356600, 5451.0
1531356900, 5450.8
1531357200, 5450.9
1531357500, 5450.2
1531357800, 5447.1
1531358100, 5445.1
1531358400, 5434.4
1531358700, 5440.2
1531359000, 5440.1
1531359300, 5438.0
1531359600, 5441.5
1531359900, 5434.0
1531360200, 5430.7
1531360500, 5420.3
1531360800, 5414.0
1531361100, 5432.3
1531361400, 5425.6
1531361700, 5429.4
1531362000, 5424.9
1531362300, 5409.3
1531362600, 5408.2
1531362900, 5408.4
1531363200, 5409.2
1531363500, 5418.2
1531363800, 5415.9
1531364100, 5417.6
1531364400, 5417.5
1531364700, 5417.7
1531365000, 5417.8
1531365300, 5418.0
1531365600, 5425.6
1531365900, 5426.4
1531366200, 5426.4
1531366500, 5424.6
1531366800, 5424.1
1531367100, 5424.1
1531367400, 5426.0
1531367700, 5426.1
1531368000, 5426.4
1531368300, 5426.2
1531368600, 5426.8
1531368900, 5420.2
1531369200, 5421.4
1531369500, 5421.6
1531369800, 5421.6
1531370100, 5423.2
1531370400, 5423.5
1531370700, 5422.9
1531371000, 5417.2
1531371300, 5416.5
1531371600, 5408.0
1531371900, 5404.7
1531372200, 5402.8
1531372500, 5403.3
1531372800, 5402.8
1531373100, 5405.7
1531373400, 5415.0
1531373700, 5408.9
1531374000, 5416.1
1531374300, 5417.1
1531374600, 5417.1
1531374900, 5416.5
1531375200, 5418.8
1531375500, 5419.9
1531375800, 5414.4
1531376100, 5403.1
1531376400, 5388.6
1531376700, 5320.7
1531377000, 5321.2
1531377300, 5322.3
1531377600, 5317.0
1531377900, 5315.1
1531378200, 5312.2
1531378500, 5305.0
1531378800, 5319.0
1531379100, 5303.4
1531379400, 5304.9
1531379700, 5297.9
1531380000, 5281.6
1531380300, 5280.8
1531380600, 5290.2
1531380900, 5290.6
1531381200, 5278.3
1531381500, 5278.5
1531381800, 5275.0
1531382100, 5284.5
1531382400, 5280.0
1531382700, 5290.8
1531383000, 5296.9
1531383300, 5268.0
1531383600, 5276.2
1531383900, 5278.4
1531384200, 5280.5
1531384500, 5282.7
1531384800, 5287.9
1531385100, 5292.4
1531385400, 5296.3
1531385700, 5303.0
1531386000, 5305.4
1531386300, 5307.7
1531386600, 5305.2
1531386900, 5306.0
1531387200, 5310.5
1531387500, 5300.3
1531387800, 5302.6
1531388100, 5298.0
1531388400, 5298.0
1531388700, 5301.6
1531389000, 5301.8
1531389300, 5301.8
1531389600, 5296.5
1531389900, 5290.7
1531390200, 5292.5
1531390500, 5286.9
1531390800, 5282.7
1531391100, 5285.0
1531391400, 5285.1
1531391700, 5285.1
1531392000, 5288.9
1531392300, 5288.0
1531392600, 5287.9
1531392900, 5288.0
1531393200, 5293.2
1531393500, 5295.0
1531393800, 5297.9
1531394100, 5297.6
1531394400, 5295.1
1531394700, 5292.9
1531395000, 5285.1
1531395300, 5276.4
1531395600, 5281.6
1531395900, 5276.0
1531396200, 5281.4
1531396500, 5287.4
1531396800, 5287.3
1531397100, 5301.8
1531397400, 5309.0
1531397700, 5302.6
1531398000, 5305.2
1531398300, 5302.9
1531398600, 5302.0
1531398900, 5301.0
1531399200, 5299.1
1531399500, 5290.7
1531399800, 5293.1
1531400100, 5292.5
1531400400, 5292.4
1531400700, 5292.3
1531401000, 5290.8
1531401300, 5290.0
1531401600, 5290.0
1531401900, 5287.3
1531402200, 5289.1
1531402500, 5289.2
1531402800, 5289.0
1531403100, 5290.0
1531403400, 5293.9
1531403700, 5296.5
1531404000, 5290.0
1531404300, 5295.6
1531404600, 5305.2
1531404900, 5298.8
1531405200, 5290.3
1531405500, 5290.0
1531405800, 5291.0
1531406100, 5291.0
1531406400, 5294.7
1531406700, 5287.4
1531407000, 5285.6
1531407300, 5284.0
1531407600, 5287.0
1531407900, 5286.5
1531408200, 5275.6
1531408500, 5276.4
1531408800, 5278.6
1531409100, 5283.3
1531409400, 5286.3
1531409700, 5290.2
1531410000, 5290.2
1531410300, 5290.1
1531410600, 5281.9
1531410900, 5282.7
1531411200, 5283.2
1531411500, 5297.1
1531411800, 5297.1
1531412100, 5297.2
1531412400, 5300.0
1531412700, 5300.0
1531413000, 5300.0
1531413300, 5300.0
1531413600, 5296.5
1531413900, 5297.3
1531414200, 5301.8
1531414500, 5302.8
1531414800, 5300.9
1531415100, 5300.0
1531415400, 5302.0
1531415700, 5302.0
1531416000, 5306.0
1531416300, 5302.1
1531416600, 5302.1
1531416900, 5300.1
1531417200, 5294.8
1531417500, 5294.6
1531417800, 5297.9
1531418100, 5297.3
1531418400, 5297.7
1531418700, 5297.7
1531419000, 5294.9
1531419300, 5297.8
1531419600, 5297.9
1531419900, 5297.8
1531420200, 5294.1
1531420500, 5295.6
1531420800, 5294.2
1531421100, 5298.0
1531421400, 5297.6
1531421700, 5294.1
1531422000, 5302.4
1531422300, 5295.6
1531422600, 5292.4
1531422900, 5291.4
1531423200, 5292.4
1531423500, 5277.6
1531423800, 5283.8
1531424100, 5287.0
1531424400, 5290.0
1531424700, 5290.5
1531425000, 5292.5
1531425300, 5299.0
1531425600, 5303.9
1531425900, 5304.0
1531426200, 5304.0
1531426500, 5299.8
1531426800, 5298.2
1531427100, 5296.9
1531427400, 5298.2
1531427700, 5299.0
1531428000, 5299.0
1531428300, 5299.0
1531428600, 5299.7
1531428900, 5299.2
1531429200, 5299.0
1531429500, 5290.6
1531429800, 5290.1
1531430100, 5290.1
1531430400, 5290.1
1531430700, 5290.1
1531431000, 5294.9
1531431300, 5289.8
1531431600, 5286.7
1531431900, 5283.0
1531432200, 5284.6
1531432500, 5288.7
1531432800, 5289.8
1531433100, 5289.0
1531433400, 5289.0
1531433700, 5289.2
1531434000, 5282.6
1531434300, 5284.7
1531434600, 5285.9
1531434900, 5274.6
1531435200, 5278.3
1531435500, 5283.3
1531435800, 5284.7
1531436100, 5281.0
1531436400, 5271.6
1531436700, 5279.7
1531437000, 5275.2
1531437300, 5248.8
1531437600, 5253.5
1531437900, 5249.2
1531438200, 5246.6
1531438500, 5247.6
1531438800, 5250.0
1531439100, 5285.9
1531439400, 5332.8
1531439700, 5356.3
1531440000, 5355.4
1531440300, 5337.7
1531440600, 5338.5
1531440900, 5361.6
1531441200, 5351.0
1531441500, 5369.9
1531441800, 5365.9
1531442100, 5359.5
1531442400, 5363.2
1531442700, 5359.3
1531443000, 5349.7
1531443300, 5347.1
1531443600, 5349.4
1531443900, 5346.5
1531444200, 5346.2
1531444500, 5347.1
1531444800, 5347.2
1531445100, 5346.4
1531445400, 5344.3
1531445700, 5349.3
1531446000, 5348.3
1531446300, 5347.5
1531446600, 5344.7
1531446900, 5339.7
1531447200, 5339.8
1531447500, 5339.9
1531447800, 5339.9
1531448100, 5344.2
1531448400, 5346.2
1531448700, 5347.2
1531449000, 5350.0
1531449300, 5349.9
1531449600, 5350.0
1531449900, 5344.5
1531450200, 5345.8
1531450500, 5347.5
1531450800, 5354.8
1531451100, 5348.7
1531451400, 5342.5
1531451700, 5350.0
1531452000, 5356.9
1531452300, 5351.2
1531452600, 5352.0
1531452900, 5353.3
1531453200, 5354.7
1531453500, 5356.2
1531453800, 5355.0
1531454100, 5359.1
1531454400, 5357.8
1531454700, 5356.4
1531455000, 5356.0
1531455300, 5356.0
1531455600, 5353.6
1531455900, 5350.1
1531456200, 5350.2
1531456500, 5349.8
1531456800, 5352.6
1531457100, 5349.9
1531457400, 5353.9
1531457700, 5353.8
1531458000, 5355.0
1531458300, 5354.6
1531458600, 5352.0
1531458900, 5349.6
1531459200, 5349.8
1531459500, 5351.9
1531459800, 5352.1
1531460100, 5352.0
1531460400, 5351.8
1531460700, 5351.5
1531461000, 5350.2
1531461300, 5351.2
1531461600, 5354.9
1531461900, 5354.8
1531462200, 5354.9
1531462500, 5354.7
1531462800, 5351.1
1531463100, 5351.4
1531463400, 5343.8
1531463700, 5340.0
1531464000, 5337.8
1531464300, 5338.0
1531464600, 5340.0
1531464900, 5340.0
1531465200, 5350.4
1531465500, 5350.9
1531465800, 5359.0
1531466100, 5361.3
1531466400, 5365.0
1531466700, 5360.7
1531467000, 5360.0
1531467300, 5365.0
1531467600, 5366.6
1531467900, 5369.8
1531468200, 5369.9
1531468500, 5367.9
1531468800, 5369.3
1531469100, 5369.3
1531469400, 5366.6
1531469700, 5366.6
1531470000, 5369.9
1531470300, 5369.8
1531470600, 5369.8
1531470900, 5369.9
1531471200, 5369.8
1531471500, 5368.8
1531471800, 5365.1
1531472100, 5368.1
1531472400, 5369.7
1531472700, 5368.2
1531473000, 5373.0
1531473300, 5372.9
1531473600, 5372.9
1531473900, 5372.2
1531474200, 5369.7
1531474500, 5372.9
1531474800, 5372.7
1531475100, 5368.2
1531475400, 5368.0
1531475700, 5368.0
1531476000, 5366.1
1531476300, 5367.8
1531476600, 5369.3
1531476900, 5369.3
1531477200, 5371.7
1531477500, 5372.4
1531477800, 5375.9
1531478100, 5373.0
1531478400, 5373.3
1531478700, 5370.0
1531479000, 5366.8
1531479300, 5368.1
1531479600, 5372.0
1531479900, 5372.7
1531480200, 5372.6
1531480500, 5373.5
1531480800, 5374.5
1531481100, 5375.6
1531481400, 5378.2
1531481700, 5377.1
1531482000, 5377.4
1531482300, 5375.9
1531482600, 5374.3
1531482900, 5374.3
1531483200, 5373.9
1531483500, 5379.7
1531483800, 5380.0
1531484100, 5377.9
1531484400, 5386.9
1531484700, 5381.0
1531485000, 5370.0
1531485300, 5375.0
1531485600, 5375.1
1531485900, 5375.1
1531486200, 5379.9
1531486500, 5386.9
1531486800, 5379.8
1531487100, 5379.7
1531487400, 5378.9
1531487700, 5380.4
1531488000, 5380.7
1531488300, 5379.6
1531488600, 5376.2
1531488900, 5367.8
1531489200, 5361.6
1531489500, 5361.0
1531489800, 5361.0
1531490100, 5361.2
1531490400, 5359.6
1531490700, 5357.0
1531491000, 5363.4
1531491300, 5370.0
1531491600, 5365.1
1531491900, 5355.8
1531492200, 5359.5
1531492500, 5361.2
1531492800, 5356.8
1531493100, 5358.9
1531493400, 5354.6
1531493700, 5355.0
1531494000, 5356.3
1531494300, 5356.7
1531494600, 5360.5
1531494900, 5361.0
1531495200, 5359.4
1531495500, 5360.3
1531495800, 5361.0
1531496100, 5362.5
1531496400, 5362.1
1531496700, 5356.9
1531497000, 5365.8
1531497300, 5370.2
1531497600, 5367.0
1531497900, 5364.1
1531498200, 5359.2
1531498500, 5362.0
1531498800, 5361.9
1531499100, 5361.3
1531499400, 5366.6
1531499700, 5366.1
1531500000, 5367.0
1531500300, 5367.9
1531500600, 5371.8
1531500900, 5365.0
1531501200, 5366.0
1531501500, 5366.9
1531501800, 5371.8
1531502100, 5371.8
1531502400, 5372.0
1531502700, 5371.7
1531503000, 5375.0
1531503300, 5370.4
1531503600, 5372.3
1531503900, 5375.8
1531504200, 5376.5
1531504500, 5375.0
1531504800, 5378.7
1531505100, 5380.1
1531505400, 5380.7
1531505700, 5382.0
1531506000, 5415.0
1531506300, 5405.0
1531506600, 5382.3
1531506900, 5370.4
1531507200, 5360.0
1531507500, 5353.2
1531507800, 5346.4
1531508100, 5344.1
1531508400, 5341.8
1531508700, 5325.0
1531509000, 5316.6
1531509300, 5304.4
1531509600, 5305.0
1531509900, 5310.0
1531510200, 5309.2
1531510500, 5307.4
1531510800, 5295.4
1531511100, 5301.6
1531511400, 5306.1
1531511700, 5305.1
1531512000, 5256.0
1531512300, 5286.5
1531512600, 5310.2
1531512900, 5302.7
1531513200, 5304.0
1531513500, 5295.3
1531513800, 5294.3
1531514100, 5300.9
1531514400, 5302.5
1531514700, 5302.5
1531515000, 5291.7
