1532771100, 7014.8
1532771400, 7014.7
1532771700, 7014.7
1532772000, 7025.5
1532772300, 7022.4
1532772600, 7025.7
1532772900, 7025.7
1532773200, 7025.7
1532773500, 7022.1
1532773800, 7022.7
1532774100, 7020.0
1532774400, 7019.9
1532774700, 7021.7
1532775000, 7002.6
1532775300, 7010.8
1532775600, 7001.4
1532775900, 7006.0
1532776200, 6995.0
1532776500, 7035.0
1532776800, 7026.2
1532777100, 7027.1
1532777400, 7030.5
1532777700, 7020.8
1532778000, 7014.8
1532778300, 7009.9
1532778600, 7016.3
1532778900, 7012.0
1532779200, 7017.8
1532779500, 7010.9
1532779800, 7015.9
1532780100, 7016.3
1532780400, 7018.2
1532780700, 7018.2
1532781000, 7018.2
1532781300, 7015.6
1532781600, 7012.9
1532781900, 7013.6
1532782200, 7013.7
1532782500, 7010.3
1532782800, 7007.3
1532783100, 7017.9
1532783400, 7016.6
1532783700, 7007.9
1532784000, 7008.1
1532784300, 7008.0
1532784600, 7000.4
1532784900, 7004.0
1532785200, 6999.8
1532785500, 7000.0
1532785800, 6999.3
1532786100, 6991.7
1532786400, 6995.0
1532786700, 6999.0
1532787000, 6990.2
1532787300, 6990.2
1532787600, 6975.1
1532787900, 6981.3
1532788200, 6962.7
1532788500, 6979.2
1532788800, 6992.4
1532789100, 7000.2
1532789400, 6999.7
1532789700, 6990.0
1532790000, 6983.1
1532790300, 6971.4
1532790600, 6973.0
1532790900, 6958.4
1532791200, 6967.6
1532791500, 6956.3
1532791800, 6951.2
1532792100, 6966.9
1532792400, 6962.1
1532792700, 6962.2
1532793000, 6937.6
1532793300, 6962.7
1532793600, 6985.1
1532793900, 6993.0
1532794200, 6997.6
1532794500, 7004.9
1532794800, 6998.1
1532795100, 6998.0
1532795400, 6998.0
1532795700, 6999.8
1532796000, 6998.1
1532796300, 7010.0
1532796600, 7012.0
1532796900, 7018.8
1532797200, 7018.0
1532797500, 7011.0
1532797800, 6994.1
1532798100, 6996.8
1532798400, 7002.2
1532798700, 7027.5
1532799000, 7036.1
1532799300, 7036.0
1532799600, 7038.2
1532799900, 7016.6
1532800200, 7019.7
1532800500, 7020.0
1532800800, 7019.6
1532801100, 7007.8
1532801400, 7012.1
1532801700, 7011.1
1532802000, 7008.1
1532802300, 7008.1
1532802600, 7008.0
1532802900, 7007.9
1532803200, 7008.1
1532803500, 7007.9
1532803800, 7031.8
1532804100, 7023.4
1532804400, 7023.2
1532804700, 7025.8
1532805000, 7036.1
1532805300, 7032.5
1532805600, 7031.1
1532805900, 7037.9
1532806200, 7032.9
1532806500, 7030.4
1532806800, 7029.2
1532807100, 7028.9
1532807400, 7029.5
1532807700, 7027.9
1532808000, 7025.2
1532808300, 7026.0
1532808600, 7026.0
1532808900, 7028.7
1532809200, 7025.0
1532809500, 7007.0
1532809800, 7005.0
1532810100, 7010.7
1532810400, 7014.1
1532810700, 7013.9
1532811000, 7009.2
1532811300, 7011.4
1532811600, 7007.8
1532811900, 7010.2
1532812200, 7005.1
1532812500, 7005.6
1532812800, 7005.8
1532813100, 7005.1
1532813400, 7005.2
1532813700, 7015.4
1532814000, 7019.1
1532814300, 7019.1
1532814600, 7015.8
1532814900, 7015.8
1532815200, 7015.7
1532815500, 7015.8
1532815800, 7015.3
1532816100, 7015.3
1532816400, 7015.0
1532816700, 7014.9
1532817000, 7014.7
1532817300, 7014.9
1532817600, 7021.4
1532817900, 7021.5
1532818200, 7026.5
1532818500, 7025.1
1532818800, 7025.1
1532819100, 7021.8
1532819400, 7021.8
1532819700, 7021.9
1532820000, 7024.2
1532820300, 7026.4
1532820600, 7026.7
1532820900, 7026.3
1532821200, 7024.7
1532821500, 7027.8
1532821800, 7029.2
1532822100, 7055.1
1532822400, 7056.5
1532822700, 7080.0
1532823000, 7084.9
1532823300, 7085.4
1532823600, 7085.4
1532823900, 7068.7
1532824200, 7084.5
1532824500, 7090.8
1532824800, 7089.5
1532825100, 7084.0
1532825400, 7080.1
1532825700, 7072.1
1532826000, 7048.1
1532826300, 7067.9
1532826600, 7054.4
1532826900, 7057.2
1532827200, 7061.6
1532827500, 7061.7
1532827800, 7064.7
1532828100, 7064.3
1532828400, 7063.8
1532828700, 7064.5
1532829000, 7066.0
1532829300, 7070.1
1532829600, 7075.0
1532829900, 7075.0
1532830200, 7088.4
1532830500, 7092.9
1532830800, 7079.4
1532831100, 7077.8
1532831400, 7068.0
1532831700, 7068.3
1532832000, 7062.1
1532832300, 7061.9
1532832600, 7066.3
1532832900, 7060.1
1532833200, 7061.0
1532833500, 7060.9
1532833800, 7062.5
1532834100, 7060.7
1532834400, 7060.6
1532834700, 7062.5
1532835000, 7058.3
1532835300, 7044.3
1532835600, 7052.8
1532835900, 7051.5
1532836200, 7049.2
1532836500, 7049.4
1532836800, 7049.9
1532837100, 7045.3
1532837400, 7045.0
1532837700, 7044.1
1532838000, 7043.9
1532838300, 7022.7
1532838600, 7032.8
1532838900, 7027.6
1532839200, 7024.9
1532839500, 7028.5
1532839800, 7025.8
1532840100, 7026.9
1532840400, 7030.1
1532840700, 7023.6
1532841000, 7021.8
1532841300, 7024.0
1532841600, 7031.7
1532841900, 7034.0
1532842200, 7035.1
1532842500, 7038.5
1532842800, 7042.0
1532843100, 7041.9
1532843400, 7030.0
1532843700, 7029.8
1532844000, 7033.3
1532844300, 7034.3
1532844600, 7028.2
1532844900, 7028.4
1532845200, 7034.3
1532845500, 7031.3
1532845800, 7032.5
1532846100, 7034.0
1532846400, 7031.5
1532846700, 7031.5
1532847000, 7033.8
1532847300, 7029.9
1532847600, 7029.2
1532847900, 7037.1
1532848200, 7040.0
1532848500, 7041.3
1532848800, 7040.1
1532849100, 7040.1
1532849400, 7040.0
1532849700, 7040.1
1532850000, 7028.0
1532850300, 7021.9
1532850600, 7012.8
1532850900, 7013.0
1532851200, 7008.8
1532851500, 7004.6
1532851800, 6986.7
1532852100, 6989.0
1532852400, 6982.0
1532852700, 6989.5
1532853000, 6992.1
1532853300, 6992.1
1532853600, 6987.5
1532853900, 6992.2
1532854200, 6994.8
1532854500, 6999.0
1532854800, 6994.5
1532855100, 6993.1
1532855400, 6994.3
1532855700, 6993.4
1532856000, 6993.0
1532856300, 6985.8
1532856600, 7000.4
1532856900, 7009.3
1532857200, 7010.5
1532857500, 7000.0
1532857800, 6998.0
1532858100, 6996.8
1532858400, 6991.4
1532858700, 6991.0
1532859000, 6991.1
1532859300, 7002.3
1532859600, 6998.4
1532859900, 6999.1
1532860200, 6991.0
1532860500, 6984.7
1532860800, 6980.5
1532861100, 6977.0
1532861400, 6986.5
1532861700, 6993.5
1532862000, 6987.8
1532862300, 6988.7
1532862600, 6988.5
1532862900, 6980.3
1532863200, 6975.3
1532863500, 6976.0
1532863800, 6973.0
1532864100, 6970.2
1532864400, 6973.0
1532864700, 6984.8
1532865000, 6998.1
1532865300, 6997.8
1532865600, 6997.0
1532865900, 6997.0
1532866200, 7020.7
1532866500, 7018.2
1532866800, 7021.2
1532867100, 7015.2
1532867400, 7022.9
1532867700, 7020.0
1532868000, 7026.5
1532868300, 7042.9
1532868600, 7038.7
1532868900, 7045.0
1532869200, 7039.6
1532869500, 7039.4
1532869800, 7029.6
1532870100, 7028.0
1532870400, 7029.0
1532870700, 7032.4
1532871000, 7017.6
1532871300, 7018.1
1532871600, 7020.9
1532871900, 7026.5
1532872200, 7025.9
1532872500, 7028.9
1532872800, 7035.9
1532873100, 7036.0
1532873400, 7040.2
1532873700, 7049.8
1532874000, 7049.9
1532874300, 7049.7
1532874600, 7049.9
1532874900, 7049.8
1532875200, 7045.2
1532875500, 7043.2
1532875800, 7044.2
1532876100, 7041.2
1532876400, 7035.7
1532876700, 7036.0
1532877000, 7035.9
1532877300, 7047.4
1532877600, 7048.9
1532877900, 7046.9
1532878200, 7042.9
1532878500, 7040.1
1532878800, 7039.4
1532879100, 7039.5
1532879400, 7044.9
1532879700, 7045.0
1532880000, 7035.4
1532880300, 7036.5
1532880600, 7026.2
1532880900, 7026.0
1532881200, 7026.4
1532881500, 7031.8
1532881800, 7031.0
1532882100, 7012.6
1532882400, 7011.8
1532882700, 7011.8
1532883000, 7011.1
1532883300, 7011.0
1532883600, 7011.2
1532883900, 7017.6
1532884200, 7018.3
1532884500, 7016.4
1532884800, 7017.8
1532885100, 7018.0
1532885400, 7018.0
1532885700, 7018.0
1532886000, 7017.8
1532886300, 7017.9
1532886600, 7016.5
1532886900, 7017.3
1532887200, 7017.8
1532887500, 7018.0
1532887800, 7018.0
1532888100, 7017.9
1532888400, 7021.9
1532888700, 7028.6
1532889000, 7025.3
1532889300, 7029.9
1532889600, 7049.7
1532889900, 7043.8
1532890200, 7040.7
1532890500, 7044.2
1532890800, 7046.0
1532891100, 7044.1
1532891400, 7035.1
1532891700, 7038.5
1532892000, 7039.6
1532892300, 7034.7
1532892600, 7037.5
1532892900, 7033.6
1532893200, 7033.6
1532893500, 7038.4
1532893800, 7038.6
1532894100, 7038.8
1532894400, 7039.1
1532894700, 7039.1
1532895000, 7035.5
1532895300, 7034.9
1532895600, 7037.3
1532895900, 7039.0
1532896200, 7035.0
1532896500, 7038.3
1532896800, 7036.7
1532897100, 7038.2
1532897400, 7023.4
1532897700, 7017.9
1532898000, 7024.9
1532898300, 7038.0
1532898600, 7027.5
1532898900, 7033.9
1532899200, 7026.9
1532899500, 7032.3
1532899800, 7034.6
1532900100, 7024.9
1532900400, 7016.7
1532900700, 7011.1
1532901000, 7019.1
1532901300, 7014.8
1532901600, 7015.0
1532901900, 7014.8
1532902200, 7014.0
1532902500, 7013.0
1532902800, 7012.9
1532903100, 7015.0
1532903400, 7021.0
1532903700, 7022.3
1532904000, 7020.5
1532904300, 7022.1
1532904600, 7022.2
1532904900, 7020.7
1532905200, 7025.6
1532905500, 7022.9
1532905800, 7025.0
1532906100, 7037.3
1532906400, 7038.8
1532906700, 7048.4
1532907000, 7079.8
1532907300, 7075.6
1532907600, 7067.0
1532907900, 7059.3
1532908200, 7040.4
1532908500, 7041.8
1532908800, 7005.4
1532909100, 6946.4
1532909400, 6944.5
1532909700, 6962.5
1532910000, 6960.2
1532910300, 6961.2
1532910600, 6949.7
1532910900, 6960.1
1532911200, 6939.3
1532911500, 6964.9
1532911800, 6983.5
1532912100, 6992.0
1532912400, 6975.2
1532912700, 6988.4
1532913000, 6989.4
1532913300, 6990.1
1532913600, 7004.4
1532913900, 7025.6
1532914200, 7063.1
1532914500, 7049.5
1532914800, 7044.2
1532915100, 7044.2
1532915400, 7027.7
1532915700, 7036.0
1532916000, 7033.2
1532916300, 7025.6
1532916600, 7024.0
1532916900, 7028.8
1532917200, 7028.2
1532917500, 7030.2
1532917800, 7037.2
1532918100, 7037.2
1532918400, 7044.4
1532918700, 7026.1
1532919000, 7025.1
1532919300, 7027.6
1532919600, 7028.4
1532919900, 7028.4
1532920200, 7048.9
1532920500, 7040.9
1532920800, 7039.3
1532921100, 7039.4
1532921400, 7029.8
1532921700, 7029.8
1532922000, 7029.6
1532922300, 7022.0
1532922600, 7008.6
1532922900, 7009.5
1532923200, 7022.4
1532923500, 7008.8
1532923800, 7016.6
1532924100, 7017.0
1532924400, 7011.0
1532924700, 6999.6
1532925000, 6997.3
1532925300, 7005.0
1532925600, 7005.1
1532925900, 7005.9
1532926200, 7011.3
1532926500, 7008.2
1532926800, 7010.5
1532927100, 7012.3
1532927400, 7021.5
1532927700, 7015.7
1532928000, 7015.0
1532928300, 7014.4
1532928600, 7011.1
1532928900, 7006.8
1532929200, 7007.3
1532929500, 7010.1
1532929800, 7007.4
1532930100, 7008.1
1532930400, 7007.5
1532930700, 7014.0
1532931000, 7011.5
1532931300, 7005.0
1532931600, 6996.0
1532931900, 6987.3
1532932200, 6979.9
1532932500, 6994.4
1532932800, 6997.3
1532933100, 6991.3
1532933400, 6975.7
1532933700, 6969.9
1532934000, 6975.3
1532934300, 6966.4
1532934600, 6972.1
1532934900, 6977.9
1532935200, 6983.4
1532935500, 6985.8
1532935800, 6985.7
1532936100, 6986.6
1532936400, 6987.4
1532936700, 6983.8
1532937000, 6986.7
1532937300, 6993.7
1532937600, 7008.7
1532937900, 7008.7
1532938200, 7005.2
1532938500, 7010.6
1532938800, 7012.1
1532939100, 7006.9
1532939400, 6999.2
1532939700, 7001.1
1532940000, 6997.4
1532940300, 6987.5
1532940600, 6987.5
1532940900, 6989.7
1532941200, 6986.0
1532941500, 6978.0
1532941800, 6986.5
1532942100, 6977.0
1532942400, 6989.7
1532942700, 6988.2
1532943000, 6988.2
1532943300, 6988.1
1532943600, 6984.9
1532943900, 6982.4
1532944200, 6980.9
1532944500, 6982.0
1532944800, 6982.0
1532945100, 6975.0
1532945400, 6970.0
1532945700, 6973.7
1532946000, 6974.8
1532946300, 6970.8
1532946600, 6970.1
1532946900, 6970.0
1532947200, 6970.1
1532947500, 6970.0
1532947800, 6960.1
1532948100, 6975.0
1532948400, 6970.2
1532948700, 6971.9
1532949000, 6963.7
1532949300, 6952.0
1532949600, 6956.0
1532949900, 6964.2
1532950200, 6952.3
1532950500, 6958.8
1532950800, 6958.2
1532951100, 6962.5
1532951400, 6968.9
1532951700, 6975.0
1532952000, 6977.8
1532952300, 6969.7
1532952600, 6969.7
1532952900, 6963.3
1532953200, 6959.5
1532953500, 6963.4
1532953800, 6963.5
1532954100, 6955.9
1532954400, 6949.5
1532954700, 6949.8
1532955000, 6949.6
1532955300, 6955.2
1532955600, 6954.1
1532955900, 6954.3
1532956200, 6954.5
1532956500, 6955.3
1532956800, 6952.0
1532957100, 6946.8
1532957400, 6945.1
1532957700, 6929.0
1532958000, 6936.5
1532958300, 6943.8
1532958600, 6934.3
1532958900, 6936.4
1532959200, 6946.6
1532959500, 6950.0
1532959800, 6947.4
1532960100, 6946.0
1532960400, 6946.1
1532960700, 6944.9
1532961000, 6950.1
1532961300, 6950.0
1532961600, 6950.0
1532961900, 6950.0
1532962200, 6954.7
1532962500, 6975.6
1532962800, 6981.1
1532963100, 6970.0
1532963400, 6964.0
1532963700, 6962.8
1532964000, 6959.0
1532964300, 6966.0
1532964600, 6970.1
1532964900, 6966.7
1532965200, 6951.4
1532965500, 6940.9
1532965800, 6926.7
1532966100, 6930.3
1532966400, 6939.5
1532966700, 6929.0
1532967000, 6906.0
1532967300, 6909.4
1532967600, 6921.2
1532967900, 6920.1
1532968200, 6921.5
1532968500, 6914.0
1532968800, 6928.1
1532969100, 6927.6
1532969400, 6929.0
1532969700, 6928.6
1532970000, 6927.7
1532970300, 6916.8
1532970600, 6908.5
1532970900, 6900.0
1532971200, 6906.4
1532971500, 6904.6
1532971800, 6895.2
1532972100, 6822.9
1532972400, 6819.7
1532972700, 6780.5
1532973000, 6770.1
1532973300, 6750.6
1532973600, 6740.4
1532973900, 6719.6
1532974200, 6767.1
1532974500, 6748.2
1532974800, 6757.7
1532975100, 6771.2
1532975400, 6774.0
1532975700, 6789.7
1532976000, 6795.8
1532976300, 6793.0
1532976600, 6803.2
1532976900, 6800.4
1532977200, 6803.7
1532977500, 6830.0
1532977800, 6830.1
1532978100, 6848.0
1532978400, 6853.9
1532978700, 6866.1
1532979000, 6876.7
1532979300, 6905.2
1532979600, 6905.5
1532979900, 6899.9
1532980200, 6949.3
1532980500, 6924.1
1532980800, 6909.6
1532981100, 6927.3
1532981400, 6913.2
1532981700, 6930.3
1532982000, 6942.0
1532982300, 6974.9
1532982600, 6964.5
1532982900, 6940.9
1532983200, 6945.9
1532983500, 6931.5
1532983800, 6939.2
1532984100, 6959.5
1532984400, 6945.3
1532984700, 6940.0
1532985000, 6932.0
1532985300, 6939.9
1532985600, 6930.0
1532985900, 6925.9
1532986200, 6929.7
1532986500, 6929.8
1532986800, 6930.0
